1.000000000000000000e+00 0.000000000000000000e+00 -5.421010862427522170e-20 -7.589415207398531038e-19 0.000000000000000000e+00 1.000000000000000000e+00 1.525506338004994911e-18 6.938893903907228378e-18 0.000000000000000000e+00 -3.557538378468061424e-19 1.000000000000000000e+00 0.000000000000000000e+00
9.999960324505999809e-01 -2.227040011411907452e-03 -1.915507279901669871e-03 2.045167175878187804e-01 2.231347632589412988e-03 9.999949961631761086e-01 2.253112155442034935e-03 -1.808297515990825444e-02 1.910473326799865370e-03 -2.257387620188517751e-03 9.999959713862236477e-01 1.064064177506564290e-01
9.999909539442691786e-01 -3.777325051632226052e-03 2.088595459549159091e-03 4.402081516382130300e-01 3.772179280307434018e-03 9.999899849166719035e-01 2.459492747629210465e-03 -5.420620191709528413e-02 -2.097864971731143967e-03 -2.451597904257661609e-03 9.999950611390587829e-01 2.795057546355823042e-01
9.999939356482879793e-01 -8.747215867528843058e-04 3.391045664683321054e-03 6.586609613697518295e-01 8.669055140178147031e-04 9.999970424932299595e-01 2.305866513338235366e-03 -5.711384957414912533e-02 -3.393050090889091278e-03 -2.302914556688745971e-03 9.999920218584820164e-01 4.936273634646010655e-01
9.999650766425273174e-01 -1.630158376002187326e-03 -8.257549473068366910e-03 8.476224060969849150e-01 1.640018897112479820e-03 9.999980215771587799e-01 1.188171562229240396e-03 -6.872478088466352220e-02 8.255596311076409885e-03 -1.201673626607304562e-03 9.999649017803138307e-01 7.309920080215182026e-01
9.998361865615581490e-01 -1.561603126591630357e-03 -1.800643987973027035e-02 1.003635249396387819e+00 1.586112561276472981e-03 9.999980251780282714e-01 1.345879480860415634e-03 -8.771552287141881621e-02 1.800426695099033997e-02 -1.374219702656590773e-03 9.998367882604133339e-01 9.716311443168947903e-01
9.996653047413993631e-01 -1.849544512012898934e-03 -2.579325484069483476e-02 1.157707885280201854e+00 1.890087194531620343e-03 9.999970588797120197e-01 1.547172134401937583e-03 -1.015457154594957556e-01 2.579031577219059040e-02 -1.595400657018355593e-03 9.996656363788886113e-01 1.224093019311734309e+00
9.994393107808818844e-01 -2.260463580756205161e-03 -3.339165776693013565e-02 1.318528124249117583e+00 2.303561210142380904e-03 9.999962663016526143e-01 1.252392352654780770e-03 -1.114835966724267713e-01 3.338868545969395779e-02 -1.328616558790033687e-03 9.994414229174655162e-01 1.511589658573905481e+00
9.991733415707252375e-01 -3.300407274381406478e-03 -4.050986444512052337e-02 1.446086407147343600e+00 3.349478022704794992e-03 9.999936704995746606e-01 1.143540183329320222e-03 -1.249676240803899718e-01 4.050583335651705003e-02 -1.278275615107429125e-03 9.991779879297001399e-01 1.824686296132231877e+00
9.988734633098870219e-01 -3.553055953972430840e-03 -4.732946438395359973e-02 1.542704763695118553e+00 3.619650139520183031e-03 9.999928168390797012e-01 1.321444096587893026e-03 -1.429283425053796130e-01 4.732444101531783215e-02 -1.491272510891447720e-03 9.988787198510332699e-01 2.175786115286635791e+00
9.985085743882441411e-01 -3.444813224821826649e-03 -5.449072768071593076e-02 1.623646855098886510e+00 3.528109062905211181e-03 9.999928708813879963e-01 1.432567035921113998e-03 -1.594553649576874454e-01 5.448541712656491953e-02 -1.622685464546421742e-03 9.985135547303677361e-01 2.575393634128933851e+00
9.980900312227791726e-01 -2.407036747923555972e-03 -6.172465383653265303e-02 1.663402880483791479e+00 2.550300468848284985e-03 9.999941690342099010e-01 2.242247452927732376e-03 -1.789865018271462604e-01 6.171892063628162117e-02 -2.395377547920108340e-03 9.980907997430108480e-01 3.021806329474745034e+00
9.980943068948587849e-01 1.569794561199315541e-04 -6.170070723352845399e-02 1.624558089419260831e+00 2.009747976586609419e-05 9.999957612841905430e-01 2.869224686285912294e-03 -1.755625716061384733e-01 6.170088560294187396e-02 -2.865002522938610123e-03 9.980909318209507664e-01 3.668857885315630618e+00
9.980254868845047644e-01 1.102338477052291349e-03 -6.279941604932706700e-02 1.532612791774995431e+00 -9.025926238865784879e-04 9.999941621384612622e-01 3.209007617497701241e-03 -1.880029621559979880e-01 6.280252424564435054e-02 -3.145999157746575368e-03 9.980213509770339275e-01 4.738352292074101690e+00
9.980206076214309663e-01 1.365959201765781089e-03 -6.286596719081205542e-02 1.439530889205257402e+00 -1.151303504592717658e-03 9.999929252942788560e-01 3.450592214942156677e-03 -2.131561482140200692e-01 6.287021334868991840e-02 -3.371393653237396773e-03 9.980164670842900376e-01 6.179274969521080685e+00
9.980297756489857619e-01 2.384924207720720904e-03 -6.269324600258249780e-02 1.339930719583634744e+00 -2.149796080733552481e-03 9.999903034726919104e-01 3.817561061507799419e-03 -2.436607858415257843e-01 6.270175139947643805e-02 -3.675270005010398359e-03 9.980259208783223146e-01 7.650069592049383971e+00
9.979780781772499276e-01 3.465338384631002494e-03 -6.346412542839267867e-02 1.227313444950879351e+00 -3.192710571602745684e-03 9.999855066276250870e-01 4.396709028853944788e-03 -2.696652005247579531e-01 6.347845544248810479e-02 -4.185195887968758480e-03 9.979744151951248643e-01 9.122014082769837273e+00
9.979517750778593710e-01 3.982707364983555792e-03 -6.384342842756127179e-02 1.122801538278005218e+00 -3.624108864086086554e-03 9.999765858414981778e-01 5.731811859572692389e-03 -2.893537195171475562e-01 6.386482778548153993e-02 -5.488708156012276143e-03 9.979436390806422086e-01 1.057665708501840740e+01
9.979824677783303288e-01 4.173800764189942308e-03 -6.335649017104659497e-02 1.024430755539719406e+00 -3.853383605014226373e-03 9.999788083528698968e-01 5.178818752868279834e-03 -3.136134410797162819e-01 6.337671340035030965e-02 -4.924239325487479377e-03 9.979777238687997931e-01 1.202579782792193264e+01
9.979725823167097110e-01 4.306625900851833791e-03 -6.350655013415519579e-02 9.261372423809928200e-01 -4.095264163868886712e-03 9.999856017251650409e-01 3.458129621767890970e-03 -3.383927126258329254e-01 6.352049310937990523e-02 -3.191041932379516406e-03 9.979758159581252341e-01 1.345949698016239893e+01
9.980006810350052771e-01 3.242125853901709973e-03 -6.311635908760419855e-02 8.354536177528032459e-01 -3.018608552043174076e-03 9.999890003117309911e-01 3.636301198034971871e-03 -3.633117866624862580e-01 6.312742835206969216e-02 -3.438504165630273599e-03 9.979993186532636340e-01 1.486998115111206786e+01
9.980616695695514462e-01 2.292385444555410795e-03 -6.218698388653194631e-02 7.456161230396912698e-01 -1.947161410153235364e-03 9.999824834579568167e-01 5.611234349111284686e-03 -3.803613445162785101e-01 6.219879629565452928e-02 -5.479265494228381835e-03 9.980488469724918543e-01 1.629602267727414500e+01
9.980625242122326268e-01 1.245686285782168085e-03 -6.219886452888480355e-02 6.491963213298864721e-01 -7.945535444919132884e-04 9.999731202912751638e-01 7.277182802930182506e-03 -3.969393872135893453e-01 6.220627695559587111e-02 -7.213666185362962481e-03 9.980373554964919736e-01 1.771458069308650707e+01
9.980966072743692186e-01 4.364262208490510275e-04 -6.166380622001046974e-02 5.592921273519452230e-01 2.503013003857940122e-05 9.999723993836038272e-01 7.482281996600488247e-03 -4.169179344142524002e-01 6.166538410843998980e-02 -7.469575588975381486e-03 9.980689933420268112e-01 1.911750009802479511e+01
9.981060418748457508e-01 4.645653865897395041e-04 -6.151912030743183352e-02 4.625688630700908743e-01 -7.309740653246160624e-05 9.999799368116671916e-01 6.365461546992391695e-03 -4.381575720523085415e-01 6.152083202518694033e-02 -6.348906682303597816e-03 9.980860213134870040e-01 2.050659066683699550e+01
9.981394908823340018e-01 1.860559126245846587e-03 -6.094770780566154122e-02 3.661599937276581729e-01 -1.537903303824162196e-03 9.999848610902405399e-01 5.340475162093339528e-03 -4.543982952096663475e-01 6.095673766867378690e-02 -5.236796979027543222e-03 9.981266480274254560e-01 2.185901760728171794e+01
9.982160674654172450e-01 2.479183401995941130e-03 -5.964577246744948852e-02 2.790342421409990337e-01 -2.209599727060380242e-03 9.999870194375759525e-01 4.585166833031856064e-03 -4.754071032958439580e-01 5.965632713112087315e-02 -4.445191570309762336e-03 9.982089130970068780e-01 2.321369171556491651e+01
9.982834381670780965e-01 3.289073655299490015e-03 -5.846694737630649813e-02 1.913834448543022815e-01 -2.974571377777405351e-03 9.999803352536591472e-01 5.465336833629264902e-03 -4.963766476841074415e-01 5.848378307295957340e-02 -5.282051261574302430e-03 9.982742265792625691e-01 2.456467136957866870e+01
9.983571926850709488e-01 3.465051829313397710e-03 -5.718698407518532645e-02 1.050328118888181478e-01 -3.058245539511528568e-03 9.999695546154263592e-01 7.199504055099475129e-03 -5.125582387424313380e-01 5.721021332004724153e-02 -7.012788160392162060e-03 9.983372526995024643e-01 2.588913225974193111e+01
9.984938424112789201e-01 3.346507783194547711e-03 -5.476998628697499899e-02 2.956539256580915931e-02 -2.860776001307980404e-03 9.999560188139724470e-01 8.944610329049232714e-03 -5.337664767563253809e-01 5.479745486403702487e-02 -8.774453022671173733e-03 9.984591387747485669e-01 2.719685377810856508e+01
9.986000409545686685e-01 3.589430961103704659e-03 -5.278131518644074704e-02 -5.024059332959721069e-02 -3.080335870967249728e-03 9.999477730929619002e-01 9.723862553159493688e-03 -5.493857825808882156e-01 5.281350893281757525e-02 -9.547672911663123568e-03 9.985591859524693970e-01 2.847947099351928202e+01
9.987686982291339444e-01 3.310893881717414874e-03 -4.949474839722012298e-02 -1.171774719266632792e-01 -2.845364707343924285e-03 9.999512767545638559e-01 9.472897674330339052e-03 -5.649079809230950211e-01 4.952375715880490831e-02 -9.320398042697979404e-03 9.987290250163022298e-01 2.975004417729617501e+01
9.989199770251601107e-01 2.529779524022774187e-03 -4.640111031028441857e-02 -1.812064161930311001e-01 -2.154030044360042903e-03 9.999643017057113781e-01 8.146085733306810198e-03 -5.821157425361725979e-01 4.642004310496364305e-02 -8.037336885430275066e-03 9.988897212691283389e-01 3.099846218539905962e+01
9.991142541604115523e-01 2.055882592675931098e-03 -4.203527659004002021e-02 -2.414860265047828747e-01 -1.770723211411383280e-03 9.999752161563321140e-01 6.819854519313600129e-03 -5.987630791967483157e-01 4.204825743153142031e-02 -6.739375105866921706e-03 9.990925296832562363e-01 3.222798024433767239e+01
9.992420820259386716e-01 1.735321116213816087e-03 -3.890015753521304520e-02 -3.013533306333752160e-01 -1.472370412291533134e-03 9.999755110524021218e-01 6.787420831899067600e-03 -6.105549790842774716e-01 3.891094743821552071e-02 -6.725007754011655056e-03 9.992204069216592544e-01 3.343315317544387710e+01
9.994477849977710937e-01 2.289801448255524008e-03 -3.316223884651171849e-02 -3.442281822788397228e-01 -2.065506768470786944e-03 9.999747281617187289e-01 6.796526830772760264e-03 -6.385529455140270816e-01 3.317695481107846289e-02 -6.724272919786286953e-03 9.994264868405100533e-01 3.464479348148694982e+01
9.996364296036652775e-01 3.600267976966949057e-03 -2.673490123925782030e-02 -3.866347372898888968e-01 -3.422015851889366814e-03 9.999719209088241412e-01 6.710268056913899076e-03 -6.489357197303806668e-01 2.675838828633122016e-02 -6.616331042103156500e-03 9.996196494875104754e-01 3.584725455089082402e+01
9.998050387090607893e-01 4.915283592391815615e-03 -1.910636183347004524e-02 -4.207877358508744781e-01 -4.787349864502653263e-03 9.999663146708549499e-01 6.735149431566727837e-03 -6.667619020138889629e-01 1.913880467778958025e-02 -6.642360739620740452e-03 9.997946466200841042e-01 3.704293121919187115e+01
9.999276473408518218e-01 5.697955953488402156e-03 -1.061894574554695346e-02 -4.458171338894247882e-01 -5.620075550874790646e-03 9.999569381284512115e-01 7.349885537737202434e-03 -6.836229296923422849e-01 1.066038058207213410e-02 -7.289676670434251660e-03 9.999164145306970175e-01 3.821654975898343309e+01
9.999680494738760750e-01 7.928480317477946612e-03 -2.187190130024203524e-04 -4.538789827766906426e-01 -7.926456729204837265e-03 9.999359618876756395e-01 8.057642652347131451e-03 -7.041228813582263157e-01 2.825900257883635133e-04 -8.055661273437762435e-03 9.999679886384483796e-01 3.938048507387714636e+01
9.998782297136205033e-01 9.786740456460184256e-03 1.219154634701063479e-02 -4.582196588397632886e-01 -9.886665552865204348e-03 9.999176683524764186e-01 8.162981851253544793e-03 -7.177687033908263237e-01 -1.211061736683238799e-02 -8.282506752370097022e-03 9.998921019339029881e-01 4.053953731113762160e+01
9.995621385761057631e-01 1.157384977629164965e-02 2.721739516405868170e-02 -4.462961948801488221e-01 -1.180771600161192175e-02 9.998942113770041829e-01 8.446882494757255305e-03 -7.364775828999425844e-01 -2.711674676346559690e-02 -8.764558805531822219e-03 9.995936500468898256e-01 4.166403499523779885e+01
9.989368548580671581e-01 1.342733533536739909e-02 4.409870749729857820e-02 -3.957908881007753954e-01 -1.381652971857494708e-02 9.998685711711141622e-01 8.531839940980622677e-03 -7.475322428868123037e-01 -4.397840664562079754e-02 -9.132049405432145911e-03 9.989905739708188070e-01 4.279916725234567565e+01
9.980189504129592937e-01 1.323765056392300389e-02 6.150388257586946600e-02 -3.459171671545649973e-01 -1.385627296711430985e-02 9.998572100421431186e-01 9.642504298819756792e-03 -7.637752624727700557e-01 -6.136743253859383573e-02 -1.047557376189783666e-02 9.980598395448974092e-01 4.390910459037499436e+01
9.966604745741578508e-01 1.337845423685533539e-02 8.055864566220515000e-02 -2.653273570522040048e-01 -1.416879870362844178e-02 9.998567569170153657e-01 9.247376142362588591e-03 -7.828608914832793086e-01 -8.042332618567417379e-02 -1.035791562131825778e-02 9.967067685088267792e-01 4.502084732679946910e+01
9.948102637602802556e-01 1.242213550180555452e-02 1.009897437652757246e-01 -1.479257965929297869e-01 -1.334627919623362566e-02 9.998754517176359213e-01 8.480698953152046929e-03 -7.939556146135707815e-01 -1.008714716865612981e-01 -9.784491182656710265e-03 9.948512845220839340e-01 4.610619321711040186e+01
9.924921379789235498e-01 1.001946859346979947e-02 1.218966518024965778e-01 -3.083547625008887377e-02 -1.106223784808544122e-02 9.999075842883869969e-01 7.880083925380244186e-03 -8.025640833222718040e-01 -1.218064119628538694e-01 -9.169326583633683261e-03 9.925112777326892122e-01 4.717011100151508884e+01
9.895395653265357527e-01 5.656617448379364088e-03 1.441511813758930005e-01 1.309206419397072607e-01 -7.239950852309958926e-03 9.999187479834762415e-01 1.046152211980014811e-02 -8.260096191993357984e-01 -1.440803738453221017e-01 -1.139580481813162217e-02 9.895006866899880293e-01 4.822123011350424804e+01
9.859472912945111966e-01 -3.013280877587308504e-05 1.670569636760636523e-01 3.116854422344065290e-01 -2.049129381361465205e-03 9.999226751816769898e-01 1.227406262682624073e-02 -8.316767025488267517e-01 -1.670450146092347099e-01 -1.244388412916255099e-02 9.858710335238117795e-01 4.926794524528722263e+01
9.815798160301909547e-01 -5.726557653372144757e-03 1.909696189643840802e-01 5.093397419632403889e-01 3.504446225258348903e-03 9.999217095932381172e-01 1.197149786951619971e-02 -8.394292136001877402e-01 -1.910226324187640212e-01 -1.108181661909490509e-02 9.815234743765708370e-01 5.029225041785559114e+01
9.761583549541467120e-01 -1.061089396959228985e-02 2.168000160993913683e-01 7.435108693237639788e-01 8.502161995372500836e-03 9.999067232933941396e-01 1.065703393772185655e-02 -8.519180322119672688e-01 -2.168930310724934696e-01 -8.559648268876937638e-03 9.761579217524590790e-01 5.128515000150548531e+01
9.698511186150313712e-01 -1.317306858585065923e-02 2.433418831114477765e-01 9.888624009283877303e-01 1.071663932266706150e-02 9.998771124427512369e-01 1.141561342322831331e-02 -8.549397944044186959e-01 -2.434622108486466929e-01 -8.463668388929070086e-03 9.698737689422171071e-01 5.226200077857949111e+01
9.626073633381456718e-01 -1.660088264419267573e-02 2.703924094581621196e-01 1.268935595012761874e+00 1.361745951923527299e-02 9.998244774675520974e-01 1.290618778432987661e-02 -8.602052755484883573e-01 -2.705585469296552525e-01 -8.741505061936770057e-03 9.626641591943022602e-01 5.323612197574392724e+01
9.540600139110422262e-01 -2.145977500790329992e-02 2.988453200739448756e-01 1.570580800975146518e+00 1.764104179670334532e-02 9.997251213940009373e-01 1.547041518669414230e-02 -8.695392611578529607e-01 -2.990947266963752127e-01 -9.487729593381845697e-03 9.541758646949566325e-01 5.419748588849525106e+01
9.443313779130797503e-01 -2.449263028711977722e-02 3.280825444902964461e-01 1.892951137476640344e+00 2.042829934902031311e-02 9.996657037946062863e-01 1.582928443186895975e-02 -8.767495471148136765e-01 -3.283598503290237058e-01 -8.245934071636009527e-03 9.445169182923138784e-01 5.513451713076306504e+01
9.336574598745830400e-01 -2.501039325304471594e-02 3.572931238613109572e-01 2.260551820329118833e+00 2.227489393602410245e-02 9.996828740194362295e-01 1.176988158580043187e-02 -8.813072231720429084e-01 -3.574746684515476280e-01 -3.030344907095475909e-03 9.339176661059808149e-01 5.605119882801567854e+01
9.219649724456207007e-01 -2.581194451225780548e-02 3.864122783748716317e-01 2.615558124085956226e+00 2.508313100365529985e-02 9.996612455957716303e-01 6.928946360603746579e-03 -8.907542263076261291e-01 -3.864605583349724482e-01 3.304194653778669104e-03 9.222997819586076229e-01 5.694301594257867549e+01
9.089195253905472116e-01 -2.746269136138349692e-02 4.160658047499037338e-01 3.015303128537172306e+00 2.813999845804488614e-02 9.995938052233876991e-01 4.505386655098204962e-03 -8.938419070006099476e-01 -4.160211490943714341e-01 7.613078247676901243e-03 9.093226693860652077e-01 5.780864053668173597e+01
8.942803893549139405e-01 -2.903374191949457950e-02 4.465647015968541300e-01 3.450829302517940622e+00 2.882646084970663658e-02 9.995577031645899169e-01 7.259937747183941616e-03 -9.115319560579102642e-01 -4.465777982169336080e-01 6.380397671119921246e-03 8.947219074804960703e-01 5.866894797186742494e+01
8.780699035975438882e-01 -2.805321165632150213e-02 4.777089559491375370e-01 3.905818733049703617e+00 2.520347604343835951e-02 9.996056439152747330e-01 1.237523490269790659e-02 -9.214496797446579679e-01 -4.778678317118124630e-01 1.173613355162097648e-03 8.784304524871814346e-01 5.950258038320806975e+01
8.598957567271393598e-01 -2.840460616271200944e-02 5.096791168943630712e-01 4.386313539144214069e+00 2.407903139892282260e-02 9.995966784312556586e-01 1.508341632514652135e-02 -9.265437466576628145e-01 -5.099020177626581996e-01 -6.975591393979692356e-04 8.602325648416048187e-01 6.032405558563503689e+01
8.402280401844910429e-01 -2.333556436500871731e-02 5.417304058673044764e-01 4.881470824911128048e+00 2.018848624320804253e-02 9.997267986356672687e-01 1.175170043794956237e-02 -9.275558794191266498e-01 -5.418568889710242420e-01 1.062574445497194413e-03 8.404701611798416350e-01 6.111610626834334425e+01
8.195325817262992807e-01 -1.682510185660306828e-02 5.727855857644488236e-01 5.405101608923867929e+00 1.675087507741025022e-02 9.998455721402013108e-01 5.402812633994190372e-03 -9.422812725135522038e-01 -5.727875311360122179e-01 5.166860715076187181e-03 8.196878461334994315e-01 6.187049207913226212e+01
7.981642344562598357e-01 -1.468616849640770605e-02 6.022614085311529530e-01 5.970813077671492053e+00 1.610063181694069978e-02 9.998659085520126277e-01 3.043983317603764140e-03 -9.461900481539071706e-01 -6.022252152054132779e-01 7.267176878590422828e-03 7.982928569917275841e-01 6.261905940866940767e+01
7.757895145670349324e-01 -1.738148604045096704e-02 6.307524276052272061e-01 6.543233892669400475e+00 1.740552504231158981e-02 9.998300313578222243e-01 6.144267249476074479e-03 -9.638134784536029898e-01 -6.307513063553933375e-01 6.211929077804313921e-03 7.759604540751429136e-01 6.333437872354969045e+01
7.526734484223089883e-01 -1.820464815407422943e-02 6.581426124610338935e-01 7.143315673572859126e+00 1.741906987140049573e-02 9.998179292770029702e-01 7.734620968232365154e-03 -9.717775621943063324e-01 -6.581637656911731860e-01 5.642586644294142126e-03 7.528536223006883077e-01 6.402417170300391547e+01
7.282956381016466585e-01 -1.738898933638768560e-02 6.850426506090009360e-01 7.773935264095448439e+00 1.892427950765628031e-02 9.998067008031152891e-01 5.259733177680360819e-03 -9.928486632566487780e-01 -6.850016808067901364e-01 9.133316492064643202e-03 7.284836610952380997e-01 6.469952235484660719e+01
7.035100307312652790e-01 -1.565817925836437974e-02 7.105132885709035673e-01 8.407542704282445101e+00 1.892508947767004845e-02 9.998153899424145896e-01 3.295214201360210926e-03 -1.004379638416768916e+00 -7.104334856914901186e-01 1.112830932408740564e-02 7.036765793263201063e-01 6.532284635366296754e+01
6.772708426814999516e-01 -1.302574528284511542e-02 7.356193242769070162e-01 9.081576346055319604e+00 1.697603065295928693e-02 9.998540730751963590e-01 2.075123862866081002e-03 -1.007078416892303263e+00 -7.355379201678549084e-01 1.108247188655351115e-02 6.773920842433037715e-01 6.594627726338681839e+01
6.503923618403630869e-01 -1.156001562948845256e-02 7.595108127531905451e-01 9.764687275313038484e+00 1.764590445473013247e-02 9.998439260605654910e-01 1.072333195017625523e-04 -1.023690518688387119e+00 -7.593938680133586194e-01 1.333250932853392162e-02 6.504947120990712817e-01 6.653566421848437074e+01
6.228863123119381395e-01 -6.091139251447365288e-03 7.822889663320586884e-01 1.046164492179640604e+01 1.647369288087181111e-02 9.998498940818929537e-01 -5.331804820357969807e-03 -1.039360880366944961e+00 -7.821390252366442475e-01 1.620828939311365000e-02 6.228927936061688930e-01 6.709770001173730236e+01
5.936505460053927985e-01 2.216286139305050605e-03 8.047198683096955518e-01 1.119197715271445581e+01 1.498826963163067683e-02 9.997920797811211679e-01 -1.381051067874675652e-02 -1.056007582740552841e+00 -8.045830295225990803e-01 2.026000843812778354e-02 5.934943742134859423e-01 6.764476280778049500e+01
5.637172175136110353e-01 9.777870007250603901e-03 8.259094598477534355e-01 1.194168411345868996e+01 1.455885581488893313e-02 9.996572089160415953e-01 -2.177184188943327714e-02 -1.084552627934588287e+00 -8.258395136825648075e-01 2.429750244778914464e-02 5.633815735703473493e-01 6.815643400262089813e+01
5.329289524943857659e-01 1.495959963381591346e-02 8.460275686578927479e-01 1.271742781649811782e+01 1.231998138986386757e-02 9.996007359530648673e-01 -2.543565825209734982e-02 -1.111875731150045343e+00 -8.460702104068127394e-01 2.397845642370888611e-02 5.325313115525491803e-01 6.864285448790535327e+01
5.010061875003291032e-01 1.510674028298003221e-02 8.653124106181796504e-01 1.352376553341982479e+01 1.048144391412550447e-02 9.996688783522872379e-01 -2.352097598579131268e-02 -1.146345960195095159e+00 -8.653806824005252363e-01 2.085390501254091519e-02 5.006819341473837115e-01 6.911476540505468336e+01
4.685370916205868208e-01 1.328589180910918176e-02 8.833440079984054005e-01 1.433620890383690849e+01 7.479758435915118651e-03 9.997916325396034587e-01 -1.900463473345543122e-02 -1.180339442684891882e+00 -8.834124125832528707e-01 1.551159426777964576e-02 4.683402758398096943e-01 6.955912246525180365e+01
4.349924839609165539e-01 1.420827842868768384e-02 9.003218702720319211e-01 1.517350856803973258e+01 2.546852646509401193e-03 9.998525537444740152e-01 -1.700949731299333106e-02 -1.209688541643576531e+00 -9.004299209080847133e-01 9.692013600268889473e-03 4.348919622946093022e-01 6.997086997484845483e+01
4.009623105822148759e-01 1.681423421728655415e-02 9.159406595782012550e-01 1.601985600606718663e+01 -3.642345189440133676e-03 9.998531709078309904e-01 -1.676019505223512798e-02 -1.242781530668868317e+00 -9.160873638685698150e-01 3.384096496683203746e-03 4.009645185099541820e-01 7.035243942397936223e+01
3.657336009471390814e-01 1.930545369538308118e-02 9.305193784534372403e-01 1.688561054903523484e+01 -9.156884595610322031e-03 9.998111058239078641e-01 -1.714398765800435875e-02 -1.270412495380141671e+00 -9.306745030967552568e-01 -2.250553409660842330e-03 3.658412932289529240e-01 7.070354013233701096e+01
3.300189938508927834e-01 1.922887433450803582e-02 9.437791287011364494e-01 1.778187196808564607e+01 -1.084912545949790960e-02 9.998036486911153764e-01 -1.657670718708835478e-02 -1.291275941448937870e+00 -9.439118944537890910e-01 -4.768630498395788446e-03 3.301623574579919396e-01 7.102129536679105115e+01
2.937010042410730937e-01 1.845592706022447516e-02 9.557196078334098122e-01 1.868531850560328067e+01 -1.188734477442447701e-02 9.998072749404804949e-01 -1.565418040505844183e-02 -1.320590121284144880e+00 -9.558233107302614995e-01 -6.763376319973157975e-03 2.938637208184464722e-01 7.130684786219991622e+01
2.578843753982108522e-01 1.757062454583860345e-02 9.660158979180836214e-01 1.960204854983672007e+01 -1.140963525860664782e-02 9.998206173928273488e-01 -1.513961063460609463e-02 -1.352307558436727231e+00 -9.661084287917615088e-01 -7.117650234298352960e-03 2.580380072089617505e-01 7.155592323846927627e+01
2.224491830550175964e-01 1.663182403191106051e-02 9.748021965703133063e-01 2.053324257564383970e+01 -9.836272324529436381e-03 9.998423619677855312e-01 -1.481443712129130140e-02 -1.381335655621448222e+00 -9.748950180368275431e-01 -6.293029599274243407e-03 2.225774549771969979e-01 7.176599927878400820e+01
1.881310497233874557e-01 1.547152861469974251e-02 9.820223665004821356e-01 2.148128130784635204e+01 -3.708538226418558320e-03 9.998803843641786981e-01 -1.504241680164871212e-02 -1.420398238031119087e+00 -9.821370168027075964e-01 -8.119090000444431632e-04 1.881655659124338853e-01 7.193667185326704328e+01
1.545269724405134437e-01 1.778319729450029280e-02 9.878282066394807881e-01 2.243508718071929309e+01 -5.583164289663707786e-04 9.998390290049959939e-01 -1.791208957740599364e-02 -1.448088196394725191e+00 -9.879881346003146492e-01 2.216421187863527355e-03 1.545129985544906326e-01 7.207773494457170216e+01
1.221931237713928531e-01 2.370237028478924465e-02 9.922234028732050959e-01 2.339015154780310368e+01 6.127529257087356226e-04 9.997125541640923263e-01 -2.395672723789325775e-02 -1.455209769828431643e+00 -9.925061497307191560e-01 3.535347001288999605e-03 1.221433220645147255e-01 7.219135035069093931e+01
9.320934362331001477e-02 2.509146200329604240e-02 9.953308291113518447e-01 2.436725942822200963e+01 6.565318314512417520e-03 9.996450411709365547e-01 -2.581502121946754880e-02 -1.506123899629902452e+00 -9.956244757935517331e-01 8.940860165365613690e-03 9.301151520575344500e-02 7.228141411702630137e+01
6.692812356369431948e-02 2.503422311666507472e-02 9.974433260536399448e-01 2.534635547575870973e+01 1.017297776116438297e-02 9.996159844778608194e-01 -2.577130422948881519e-02 -1.539662716582933077e+00 -9.977054704664030105e-01 1.187179111707691546e-02 6.664769195844494343e-02 7.234838523913772690e+01
4.446559377966494142e-02 2.177504687673516987e-02 9.987737099825777509e-01 2.632400034751128715e+01 1.119405545358997597e-02 9.996884898090466764e-01 -2.229335441874054705e-02 -1.557998113706028365e+00 -9.989480835202085851e-01 1.217160959840429130e-02 4.420801641128839499e-02 7.239517333858702841e+01
2.497999500949593665e-02 1.969112969932904078e-02 9.994940495411758219e-01 2.730811030075566492e+01 1.255523230118059212e-02 9.997208376309718592e-01 -2.000933673370054039e-02 -1.594493735974877868e+00 -9.996093706403820223e-01 1.304871046471208634e-02 2.472586735953204162e-02 7.241793188833551653e+01
7.119207365767333748e-03 2.026874995846642338e-02 9.997693123724910036e-01 2.828343393296482944e+01 1.361202308969521393e-02 9.997001948788607484e-01 -2.036426949374868511e-02 -1.633226708284644557e+00 -9.998821163419064906e-01 1.375386385465473052e-02 6.841167755371896537e-03 7.242574541734994398e+01
-6.728135179540057839e-03 2.579667738904071680e-02 9.996443008503577143e-01 2.927970033385034299e+01 1.611692719087336884e-02 9.995404797528032459e-01 -2.568548460095983893e-02 -1.667354854816084364e+00 -9.998472251659187293e-01 1.593838252699367880e-02 -7.140804573263102514e-03 7.242361737632265317e+01
-1.823117144499021569e-02 2.989709575206531134e-02 9.993869670381521075e-01 3.026701925374285551e+01 1.956097334345353184e-02 9.993724687107579108e-01 -2.953981935579719914e-02 -1.707865879133700693e+00 -9.996422660029009588e-01 1.901043092720972050e-02 -1.880459726576770574e-02 7.241327106339292641e+01
-2.869564078044506070e-02 3.317767537011683671e-02 9.990371901648018582e-01 3.125380950411756231e+01 2.467094843616194494e-02 9.991680887871252637e-01 -3.247341891115699403e-02 -1.755218940095817359e+00 -9.992840634822006685e-01 2.371534934333852096e-02 -2.949034800668026354e-02 7.237824875132029945e+01
-3.407629446592953804e-02 3.776210987651722195e-02 9.987057771555883923e-01 3.225604195644984173e+01 2.816858547192198012e-02 9.989248278929452329e-01 -3.680925614782375177e-02 -1.801705674631138399e+00 -9.990216542805063771e-01 2.687780093280165220e-02 -3.510333342701574266e-02 7.233322669566882723e+01
-3.811629845978607711e-02 4.238635415268594830e-02 9.983740695482299365e-01 3.325376253793990600e+01 3.069566986606164782e-02 9.986784888947866090e-01 -4.122728174727283840e-02 -1.852492109583066648e+00 -9.988019684242547269e-01 2.907431710362750818e-02 -3.936699043500062334e-02 7.229801763726324282e+01
-4.145094560318817595e-02 4.632079285878713815e-02 9.980666067072166969e-01 3.425138507876950911e+01 3.207127895808292717e-02 9.984714826225211670e-01 -4.500763282853114527e-02 -1.912168651984061940e+00 -9.986256367903343367e-01 3.014367189582628503e-02 -4.287323701933300896e-02 7.225670296747072996e+01
-4.360745056417179855e-02 4.961455266336652070e-02 9.978162460878196027e-01 3.525808981722803992e+01 3.257439587004667958e-02 9.983053002969710654e-01 -4.821537533707535850e-02 -1.973494615126723417e+00 -9.985170767210620468e-01 3.040078636077210572e-02 -4.514974973279928250e-02 7.221638600807945352e+01
-4.635285397661253332e-02 5.237356557834162846e-02 9.975514412133652531e-01 3.625891973190254447e+01 3.296097068920107731e-02 9.981614743935275369e-01 -5.087398953189608414e-02 -2.038627872580950129e+00 -9.983814820089079722e-01 3.052207471296897873e-02 -4.799382041691495349e-02 7.217096995248930114e+01
-4.806377657197142411e-02 5.599889837875610815e-02 9.972738326927842456e-01 3.727176355882245673e+01 3.375911094650742988e-02 9.979475711247637326e-01 -5.440976604452119059e-02 -2.108850439815587396e+00 -9.982735754407552342e-01 3.105184218455064177e-02 -4.985569455279224849e-02 7.211992250764205892e+01
-4.984811810285626893e-02 5.741925503659413982e-02 9.971046521222435288e-01 3.829023296570464652e+01 3.565217509761546555e-02 9.978117166144155892e-01 -5.567760429413479845e-02 -2.176415993362582402e+00 -9.981201615612843581e-01 3.277352466223799887e-02 -5.178619851155915471e-02 7.206433165778153693e+01
-5.228883792841518274e-02 5.742615414195051393e-02 9.969797277561114335e-01 3.930389337745486955e+01 3.705816026264585616e-02 9.977693531052330700e-01 -5.552809629210166825e-02 -2.235726155187274244e+00 -9.979439330789520168e-01 3.404271554562578184e-02 -5.430021517681794113e-02 7.200670465240872886e+01
-5.410865951562750242e-02 5.638891453288101541e-02 9.969421140305700924e-01 4.034007374744083307e+01 3.721356455717952233e-02 9.978248939451620503e-01 -5.441911841742568673e-02 -2.302562938488883049e+00 -9.978409993656621735e-01 3.415520451746289349e-02 -5.608943442953464448e-02 7.196096048511796539e+01
-5.620078950842222892e-02 5.674935534600650949e-02 9.968058241065339553e-01 4.137053715467478554e+01 3.627512067619833441e-02 9.978400311489310504e-01 -5.476309929819599825e-02 -2.376793960247489235e+00 -9.977605368580645395e-01 3.308151693203031929e-02 -5.813804164050891815e-02 7.190682825863599703e+01
-5.905129511904077394e-02 5.823718364935687869e-02 9.965545590735641612e-01 4.239435324873537780e+01 3.516202535950568864e-02 9.977986901102817718e-01 -5.622638663029325135e-02 -2.446732927343343356e+00 -9.976356966568616924e-01 3.172062969938660437e-02 -6.096899499124100452e-02 7.184688849431195479e+01
-6.149023743002873105e-02 6.040898717036324167e-02 9.962781931222546294e-01 4.342707977551054910e+01 3.332297944302312076e-02 9.977344877895939490e-01 -5.844063181641902249e-02 -2.520059584565884858e+00 -9.975511466875521815e-01 2.960542212053728084e-02 -6.336395035956511601e-02 7.178930837067260029e+01
-6.459243266338791922e-02 6.291963431161604059e-02 9.959262419179896186e-01 4.446248253629782710e+01 3.087360261839965092e-02 9.976581675713036557e-01 -6.102673373314306676e-02 -2.594720723690506770e+00 -9.974335414214806628e-01 2.680600839391095863e-02 -6.638383490791575914e-02 7.172679901269164304e+01
-6.660442921789246074e-02 6.730427190155269246e-02 9.955070370625340725e-01 4.551693849918368073e+01 2.785923801494973734e-02 9.974588635628418576e-01 -6.557231188347295570e-02 -2.675193241238055908e+00 -9.973900996740665548e-01 2.336669233809744034e-02 -6.831013434494946635e-02 7.166482794778997345e+01
-6.896058469769192345e-02 7.029658555590367897e-02 9.951393594048361102e-01 4.656369570603992969e+01 2.547300106379111334e-02 9.973135122229555005e-01 -6.868493398847806686e-02 -2.759226111026190420e+00 -9.972936141186050651e-01 2.061263737340177787e-02 -7.056602752526365541e-02 7.159877263720476037e+01
-7.199952295520574419e-02 6.940233899190367817e-02 9.949871662145719498e-01 4.759878809804867927e+01 2.313228698315965629e-02 9.974242625620931557e-01 -6.789834410242019669e-02 -2.843139999279357788e+00 -9.971366625807320805e-01 1.812767889938957794e-02 -7.341953960688739345e-02 7.153085538777847319e+01
-7.431613870587869264e-02 6.658354628124091290e-02 9.950098761455472562e-01 4.865164729717909609e+01 2.136982784412516656e-02 9.976461741820399354e-01 -6.516383278153997649e-02 -2.912237149726585983e+00 -9.970052425426456644e-01 1.642045345657246191e-02 -7.556403547616123706e-02 7.145378181147367513e+01
-7.711013283366865978e-02 6.407254902685628750e-02 9.949613704058669628e-01 4.970708109940370889e+01 2.142189349998509240e-02 9.978093988244478574e-01 -6.259568638735106549e-02 -2.995336397436449971e+00 -9.967924836659998178e-01 1.648720302241458990e-02 -7.831366599077922708e-02 7.137112626094234713e+01
-7.907991000211293808e-02 6.468266346649209630e-02 9.947671940370105270e-01 5.078168140316729762e+01 2.179716041528579132e-02 9.977661613686978903e-01 -6.314487249170383509e-02 -3.076226043984492620e+00 -9.966302553287090804e-01 1.668962025315079423e-02 -8.031325136658493125e-02 7.129821125903916368e+01
-8.050886758215640426e-02 6.656672644173403097e-02 9.945283756327537583e-01 5.184453942401344051e+01 2.302785822612851349e-02 9.976257541166784204e-01 -6.490978530049450190e-02 -3.157105297208961492e+00 -9.964875169114132403e-01 1.767604868377005076e-02 -8.185058653452206845e-02 7.121088072834373861e+01
-8.106006293398147766e-02 6.889605292440639794e-02 9.943254607900570141e-01 5.291261121238513709e+01 2.325958038160337582e-02 9.974667187756032227e-01 -6.721757644569099910e-02 -3.242025069986792740e+00 -9.964378536716922419e-01 1.767892283500691400e-02 -8.245725584162177935e-02 7.112333774966884903e+01
-8.149795634144198220e-02 7.015066593119814731e-02 9.942018814334246946e-01 5.398255123442160652e+01 2.250899412705267139e-02 9.973955374539604790e-01 -6.853081615084462286e-02 -3.326798434122915538e+00 -9.964194184644451502e-01 1.679336210549285321e-02 -8.286468111251843460e-02 7.104160295289355531e+01
-8.083287989690426945e-02 6.910493329511761817e-02 9.943293941641668798e-01 5.506588690038599054e+01 2.032767540189006281e-02 9.975001477741489708e-01 -6.767283191682112176e-02 -3.407112383972176417e+00 -9.965206221301426970e-01 1.474221048478467633e-02 -8.203556787724468335e-02 7.096418704188948823e+01
-8.127774420685050794e-02 6.874148386371185804e-02 9.943184689421759037e-01 5.614326112727432161e+01 1.674052996876741750e-02 9.975724738385497448e-01 -6.759797778841940274e-02 -3.493052777451879809e+00 -9.965504181524009741e-01 1.115119047371524418e-02 -8.223122963169914035e-02 7.088455304480658015e+01
-8.112587200703010037e-02 6.915356872524502929e-02 9.943018838365595968e-01 5.722506866377794665e+01 1.324537795521387243e-02 9.975768193492193792e-01 -6.830061822423946771e-02 -3.581170722863713518e+00 -9.966159603209269191e-01 7.628954610234719817e-03 -8.184524734218942554e-02 7.080817645067317301e+01
-8.122510831731315217e-02 6.951799061169655625e-02 9.942681879659369670e-01 5.831068552120620296e+01 9.488485457151057956e-03 9.975734632781850797e-01 -6.897393179104312211e-02 -3.666890992822559259e+00 -9.966506138132138481e-01 3.831693721353450661e-03 -8.168765496087207478e-02 7.073263427232508604e+01
-8.179666436339141922e-02 6.910928235572540157e-02 9.942504611667570824e-01 5.939846264771886553e+01 6.205763031311440844e-03 9.976090655263971652e-01 -6.883224167733814625e-02 -3.751901602436670480e+00 -9.966298094535330776e-01 5.398633557695811311e-04 -8.203000116300579458e-02 7.065537635150731433e+01
-8.184908504662910533e-02 6.435282890666850497e-02 9.945651498561112192e-01 6.050056864401056345e+01 5.290520101595664118e-03 9.979268880632746752e-01 -6.413498262750812196e-02 -3.827659499099509866e+00 -9.966306954268470131e-01 1.236797276235081233e-05 -8.201980301664553441e-02 7.057082099135637066e+01
-8.236735271606736297e-02 5.623448899603073620e-02 9.950140597804272291e-01 6.160541713549432075e+01 9.411280790888262165e-03 9.984057703590454302e-01 -5.564705294112340384e-02 -3.902822007796347581e+00 -9.965576709450477688e-01 4.780860754596561076e-03 -8.276531764297812011e-02 7.047632620621639887e+01
-8.248033788628084118e-02 4.958189656962663783e-02 9.953583382727562157e-01 6.271806961019466797e+01 1.447880240134438723e-02 9.987159241864779213e-01 -4.854930438065485632e-02 -3.972102439100316573e+00 -9.964878378036148288e-01 1.040723413333947099e-02 -8.309228630019700745e-02 7.038084202190393057e+01
-8.202746717307413116e-02 5.126829663880317495e-02 9.953109487807257905e-01 6.381916517728446792e+01 2.241062496453464364e-02 9.985181541510322889e-01 -4.958659341575849533e-02 -4.043095500804862574e+00 -9.963775134457658611e-01 1.823806606411728509e-02 -8.305488697795815334e-02 7.027569349157342060e+01
-8.142136832985633066e-02 5.575839695882185004e-02 9.951190045208707646e-01 6.493128244045867348e+01 2.732504360016158734e-02 9.981836270221092766e-01 -5.369436409288624867e-02 -4.114461072084877991e+00 -9.963051340081751084e-01 2.281979029669772840e-02 -8.279705869225301162e-02 7.018203306697708399e+01
-7.962390474181996192e-02 6.142439511633462912e-02 9.949305375916525085e-01 6.604786761889835134e+01 3.031267176769391128e-02 9.977870043285880230e-01 -5.917490058175327305e-02 -4.175783031629574538e+00 -9.963643465523710496e-01 2.544732348586638271e-02 -8.130969958676817488e-02 7.009749858388744315e+01
-7.913719058083312774e-02 6.441775423468351636e-02 9.947804659702557117e-01 6.716588929586593792e+01 3.144448187963495150e-02 9.975750294488157088e-01 -6.209726895631274141e-02 -4.274475535062018494e+00 -9.963677713424046178e-01 2.636617132498042526e-02 -8.097083886798263352e-02 6.999876104139637789e+01
-7.921108096380484465e-02 6.380712224510975972e-02 9.948134352977866524e-01 6.830701965093517458e+01 2.890338871737888407e-02 9.976765924833806976e-01 -6.168936418160248653e-02 -4.341331289541736638e+00 -9.964382229500196031e-01 2.386700851953994437e-02 -8.087131151957588360e-02 6.991268118576815027e+01
-7.811440535011159036e-02 5.891872635701557448e-02 9.952016440059593405e-01 6.944619092371220859e+01 2.879219773600757981e-02 9.979693079404786671e-01 -5.682258819135414807e-02 -4.413216336234254022e+00 -9.965281420508164123e-01 2.421541168116977949e-02 -7.965220259036701056e-02 6.983903727448794996e+01
-7.762055075641187407e-02 5.655310159270984099e-02 9.953776125114213169e-01 7.059098099034079610e+01 2.699912001181620572e-02 9.981432766761656472e-01 -5.460479934641837563e-02 -4.491044541119620703e+00 -9.966167621479631311e-01 2.263588249298177646e-02 -7.900332591975374463e-02 6.975088274728335591e+01
