1.000000000000000000e+00 0.000000000000000000e+00 -5.421010862427522170e-20 -7.589415207398531038e-19 0.000000000000000000e+00 1.000000000000000000e+00 1.525506338004994911e-18 6.938893903907228378e-18 0.000000000000000000e+00 -3.557538378468061424e-19 1.000000000000000000e+00 0.000000000000000000e+00
9.999899612461281562e-01 -2.587121099911125766e-03 -3.656982565381692446e-03 -6.064891582795526453e-03 2.582158998084515406e-03 9.999961086105739749e-01 -1.362267317936071689e-03 -1.067838638171656612e-02 3.660491372623658583e-03 1.352819706448330720e-03 9.999919301432976804e-01 6.577144701652164471e-01
9.999628279596930458e-01 -2.273050465297040898e-03 -8.276017340241133974e-03 -1.174950462302539259e-02 2.251653355675853514e-03 9.999943112900534503e-01 -2.594824601362566863e-03 -1.503650525703777163e-02 8.281867306589470873e-03 2.576096079753990246e-03 9.999628607502535349e-01 1.358693781151183444e+00
9.999256314944936497e-01 -2.134766149132881138e-03 -1.204865918873332907e-02 -2.776847821431115484e-02 2.089196938337876779e-03 9.999905592466069582e-01 -3.792435882499165575e-03 -2.658195719515927397e-02 1.205661051245331301e-02 3.766985011674738905e-03 9.999198092588995612e-01 2.069684979869409247e+00
9.998583857596747837e-01 -1.133741705317715433e-03 -1.678199208769890621e-02 -4.519600195168961554e-02 1.058487683870498741e-03 9.999897564466343480e-01 -4.492972556927718811e-03 -3.416508833089847152e-02 1.678687420305320643e-02 4.474589962114173224e-03 9.998488577936908150e-01 2.799271945632540337e+00
9.997741891510726342e-01 -1.083349514366529348e-03 -2.124010035411790301e-02 -6.287255027220273185e-02 9.844381509996899884e-04 9.999889833696141705e-01 -4.666679467816880686e-03 -5.079796158839633424e-02 2.124497170712344452e-02 4.644710217587749712e-03 9.997638274793132496e-01 3.543246537682009034e+00
9.996699132037423219e-01 -5.526408416823098621e-04 -2.569231959685640276e-02 -8.789324163793728328e-02 4.205487817417934496e-04 9.999861956493899529e-01 -5.146022407921000026e-03 -6.562469490582481524e-02 2.569481280859154185e-02 5.133507768833363988e-03 9.996568911468677321e-01 4.300189051747447699e+00
9.995346230679110766e-01 1.222794161519914768e-03 -3.046637755377952853e-02 -1.183976620181074468e-01 -1.389108696188478403e-03 9.999841115836429761e-01 -5.438538873189281003e-03 -7.908360706911798932e-02 3.045922931051001786e-02 5.478327711239300811e-03 9.995212653484458754e-01 5.070421429048661111e+00
9.993695740156973706e-01 3.164894483761868799e-03 -3.537091013696214842e-02 -1.511347346461880681e-01 -3.335407660743328409e-03 9.999826231211406125e-01 -4.762500880247049970e-03 -9.227346693267174382e-02 3.535522500379398303e-02 4.877464278523343036e-03 9.993628028631620364e-01 5.854578823165932810e+00
9.992102237595139602e-01 3.793123352069990156e-03 -3.956193054384758712e-02 -1.881989866109313736e-01 -3.882294540719454998e-03 9.999897182074398705e-01 -2.177058783130529553e-03 -1.052772550106125249e-01 3.955332191897327487e-02 2.328912957470695433e-03 9.992150580330459997e-01 6.658295348302771366e+00
9.990620770309432963e-01 3.333022744676741866e-03 -4.316189161652467243e-02 -2.242205090695174874e-01 -3.315970593605888084e-03 9.999939365520281731e-01 4.667912582511888090e-04 -1.189839587506885399e-01 4.316316561416873310e-02 -3.232371326445998214e-04 9.990679864170283198e-01 7.467343877097223803e+00
9.989342292220070307e-01 3.675806397422721680e-03 -4.599902000377133204e-02 -2.700908984614952546e-01 -3.638984546526332492e-03 9.999926129126770480e-01 8.842176635176380445e-04 -1.300228617793935115e-01 4.600192266709517142e-02 -7.158922761635151070e-04 9.989411578653157875e-01 8.282749677484328998e+00
9.988290014317050547e-01 3.759307349024290298e-03 -4.823165929971977989e-02 -3.170431984631206235e-01 -3.749683981173364961e-03 9.999927525559986208e-01 2.900109102580495962e-04 -1.373782350498960469e-01 4.823235726044357990e-02 -1.088220196879004622e-04 9.988362460122961473e-01 9.106658041851776630e+00
9.987469358427292221e-01 2.564188687302938752e-03 -4.997935174671152420e-02 -3.554300475992468455e-01 -2.561972929288322542e-03 9.999972047537890596e-01 1.082179989348246944e-04 -1.523516902191262012e-01 4.997945365439088877e-02 1.997609951066067063e-05 9.987498594034815991e-01 9.938680846812431469e+00
9.986502419596703373e-01 2.040146590632089738e-03 -5.190345115796163311e-02 -4.036460782636949185e-01 -1.999361433973676286e-03 9.999980721758936486e-01 8.375766740768702005e-04 -1.630278558783831988e-01 5.190503025922578451e-02 -7.326647303292201183e-04 9.986516858644359784e-01 1.078085829854047617e+01
9.985803273959575899e-01 4.514680182043182693e-04 -5.327298457944428661e-02 -4.527158875637842250e-01 -3.995014968699549252e-04 9.999995828989713953e-01 9.862112664330588505e-04 -1.803401907407376770e-01 5.327336901845478034e-02 -9.635203948121489476e-04 9.985790897050711434e-01 1.163495874524557649e+01
9.984985733256334095e-01 6.199749318745746002e-04 -5.477628570043143602e-02 -5.055564543446612324e-01 -6.606065206824947300e-04 9.999992515958080475e-01 -7.235521573135535959e-04 -1.873135065292552137e-01 5.477579345870590977e-02 7.586520163595396587e-04 9.984981750785584254e-01 1.249434430888076264e+01
9.984073656238690031e-01 1.914553273683795506e-03 -5.637623150799930816e-02 -5.594665574181610923e-01 -2.103544196373511796e-03 9.999918974526847970e-01 -3.293232414349641507e-03 -2.017248707215750225e-01 5.636948752679583896e-02 3.406574015647271560e-03 9.984037369234460835e-01 1.336192600936157504e+01
9.983323701769456493e-01 4.698791929858323058e-03 -5.754067694722767717e-02 -6.209353022812509337e-01 -5.009252654677918276e-03 9.999736899051538952e-01 -5.252374870145471060e-03 -2.146335315178628800e-01 5.751439097309091197e-02 5.531858079164510625e-03 9.983289399179002821e-01 1.423939308655343616e+01
9.982413241657898118e-01 7.024641999549189816e-03 -5.886351894190265666e-02 -6.800184155075902348e-01 -7.339371992141368109e-03 9.999596991523460598e-01 -5.132254330486564486e-03 -2.308571402297134312e-01 5.882506617883513644e-02 5.555250907758289836e-03 9.982529766818640793e-01 1.512611908199476574e+01
9.981659827686899522e-01 6.906201793489432847e-03 -6.014487773288092198e-02 -7.373225355650037116e-01 -7.139427091010661086e-03 9.999680514658308983e-01 -3.663758699496745715e-03 -2.495425467805346686e-01 6.011760625748531484e-02 4.086434809803156723e-03 9.981829657654790466e-01 1.602314459943525549e+01
9.981157696857150263e-01 6.276651061212177099e-03 -6.103390586899137132e-02 -7.970180504955728384e-01 -6.412820114196741972e-03 9.999775260677808975e-01 -2.035486700809712758e-03 -2.637848068189609374e-01 6.101974556741184691e-02 2.423053180348798494e-03 9.981337042465039389e-01 1.692199374980354420e+01
9.980331694848226798e-01 6.122250672918799763e-03 -6.238807031717343021e-02 -8.541860628511698250e-01 -6.208596511325471801e-03 9.999801514817103776e-01 -1.190371860219129182e-03 -2.830016140397698110e-01 6.237953942143854152e-02 1.575364782381842143e-03 9.980516790334669208e-01 1.782774777022577695e+01
9.979647873095885968e-01 6.023789495357013968e-03 -6.348976080214815965e-02 -9.187299409845754994e-01 -6.156626109197952876e-03 9.999795209687047937e-01 -1.896762609339732722e-03 -2.979260917717720947e-01 6.347700015191527767e-02 2.283791723370538242e-03 9.979806917217066697e-01 1.873162333419292835e+01
9.978556461145950962e-01 5.745236496367399359e-03 -6.520401002081488429e-02 -9.787420149570426053e-01 -5.894622134128935792e-03 9.999807195080605560e-01 -2.098835321910853726e-03 -3.173459106895415438e-01 6.519065707635764151e-02 2.478693113306213499e-03 9.978696343773442168e-01 1.964863165194438466e+01
9.978134041745596594e-01 5.773891471529589425e-03 -6.584686211494987507e-02 -1.040227538711250954e+00 -5.829612763591840441e-03 9.999829484377350530e-01 -6.540545684035502976e-04 -3.349887468386683609e-01 6.584190300018691322e-02 1.036479059033857102e-03 9.978296473877051875e-01 2.056896975448345799e+01
9.978601354804537138e-01 6.009825615591058920e-03 -6.510659706112904843e-02 -1.106080732101563102e+00 -5.852866063163472687e-03 9.999791918796999690e-01 2.601362059900149803e-03 -3.437797160341737879e-01 6.512091160133715029e-02 -2.214734793005324921e-03 9.978746726398460831e-01 2.149088060548050549e+01
9.978741336867995582e-01 6.480363255872024358e-03 -6.485337061003937364e-02 -1.175075369149159998e+00 -6.077860625009669920e-03 9.999610499566874422e-01 6.401850279439277001e-03 -3.534975518613701073e-01 6.489231820371749171e-02 -5.994059286793441792e-03 9.978738163565130659e-01 2.242804928973159306e+01
9.979576685120293833e-01 6.101743495680510276e-03 -6.359010705744595759e-02 -1.233242004986695894e+00 -5.511073509134465503e-03 9.999397910121684552e-01 9.460015805741083667e-03 -3.638543144020702225e-01 6.364399309583798625e-02 -9.090249381132306170e-03 9.979315404758021257e-01 2.336745220927337385e+01
9.981091166437954243e-01 5.471318569496176967e-03 -6.122178741433745297e-02 -1.295233738423727354e+00 -4.826530249519131802e-03 9.999317252822516044e-01 1.067493842750702991e-02 -3.694958456887992293e-01 6.127603062865002309e-02 -1.035924431665539644e-02 9.980671580739529647e-01 2.431210298239878043e+01
9.981799906672988998e-01 5.865602875729618304e-03 -6.002651505031605939e-02 -1.358441171938123970e+00 -5.360155240950169667e-03 9.999486885309218920e-01 8.577983446126830752e-03 -3.746339297371415467e-01 6.007375575216204744e-02 -8.240627009119365354e-03 9.981603208017790774e-01 2.525834952360364838e+01
9.982497086563074662e-01 7.431828290118519184e-03 -5.866632645351063657e-02 -1.421553133660521828e+00 -7.207986930781099325e-03 9.999662909760997920e-01 4.026044901384528973e-03 -3.854369074756425206e-01 5.869422726031744975e-02 -3.596133034364344325e-03 9.982700003675927247e-01 2.621259991466217087e+01
9.982860247850188218e-01 8.341803820902398206e-03 -5.793178084603782529e-02 -1.481641079322700616e+00 -8.325080881183112916e-03 9.999655777071848606e-01 5.299994280630484058e-04 -3.983300801804544045e-01 5.793423456889195550e-02 -4.679901258192832115e-05 9.983203975077961090e-01 2.717096259593820662e+01
9.983408894299401481e-01 7.295972375376134217e-03 -5.711476088676208790e-02 -1.538109600334948368e+00 -7.173470788548680713e-03 9.999712181717481663e-01 2.349629287091936809e-03 -4.100219013603622065e-01 5.713031202128262404e-02 -1.936029694648183945e-03 9.983648923983113876e-01 2.813672500881663296e+01
9.983697568022777968e-01 5.100101765059688458e-03 -5.684798928651761674e-02 -1.594682613083607814e+00 -4.747738318175527203e-03 9.999683182285792338e-01 6.331734819194946573e-03 -4.215889721779047528e-01 5.687849582432503992e-02 -6.051522856565795007e-03 9.983629249691428065e-01 2.910845649999263074e+01
9.983337188272570772e-01 2.073285557781724686e-03 -5.767209714075095112e-02 -1.649500291897248117e+00 -1.477384298077720481e-03 9.999446347537273017e-01 1.037352800057880775e-02 -4.323387370203484181e-01 5.769047871071057015e-02 -1.027104187856248303e-02 9.982816464190156225e-01 3.008697691764175275e+01
9.982689045360990665e-01 -3.393998504077016740e-03 -5.870851163624999508e-02 -1.703907681571711352e+00 4.016654610957846525e-03 9.999367356793917860e-01 1.049092754198392187e-02 -4.502043040942816932e-01 5.866919324105384498e-02 -1.070861853364374165e-02 9.982203597845091814e-01 3.107186621312509089e+01
9.981784274859157868e-01 -7.017589383854425968e-03 -5.992722711620509374e-02 -1.761917753558717603e+00 7.459014744036473847e-03 9.999467695875778883e-01 7.145508528403651631e-03 -4.603665809479277060e-01 5.987388720190290475e-02 -7.579485724396677580e-03 9.981768029265061237e-01 3.205852075488865438e+01
9.980684338034728764e-01 -7.003956544781902299e-03 -6.172159280233035367e-02 -1.824951631929414786e+00 7.197877708211086224e-03 9.999698164960099112e-01 2.920053881985676045e-03 -4.670300749001563001e-01 6.169923737879684511e-02 -3.358668740633998125e-03 9.980887497005171971e-01 3.304015815383171883e+01
9.979581079876927996e-01 -5.183752165755848088e-03 -6.366751711479469444e-02 -1.899422329478906990e+00 5.337826823570179444e-03 9.999834081615310843e-01 2.250179334997643495e-03 -4.760168644858208675e-01 6.365478542843185095e-02 -2.585422985105713996e-03 9.979684838507760780e-01 3.403648259423101763e+01
9.979208646475991040e-01 -5.385229000013466716e-03 -6.423208208591948964e-02 -1.965454254861982220e+00 5.633700935971674463e-03 9.999777859059554297e-01 3.687878427825446413e-03 -4.929495354717118860e-01 6.421077129896098079e-02 -4.042062450398432871e-03 9.979283494464453730e-01 3.503812791755147771e+01
9.978383209935247633e-01 -4.204667471934249098e-03 -6.557511377892348559e-02 -2.040906791156809508e+00 4.634448077434074123e-03 9.999688681256141409e-01 6.403208019334165856e-03 -4.966564732118942671e-01 6.554610125342844040e-02 -6.693262379828568941e-03 9.978268108808610037e-01 3.603769678345131666e+01
9.977762254540991638e-01 -2.748182569090355624e-03 -6.660174732664599084e-02 -2.115287594553922901e+00 3.290115246253537233e-03 9.999623288131520571e-01 8.028727188302822379e-03 -5.128248822527249340e-01 6.657713787206305522e-02 -8.229996339620543333e-03 9.977474457327487611e-01 3.704184088227913207e+01
9.977006517112096962e-01 -1.914831290989323434e-03 -6.774715656164448374e-02 -2.188245595273990318e+00 2.633699967089216630e-03 9.999415673922925629e-01 1.052326302734194440e-02 -5.183337938998902050e-01 6.772297231325608013e-02 -1.067752240559489973e-02 9.976467808964976092e-01 3.804030510662420994e+01
9.976995222087334803e-01 -1.531311249569173097e-03 -6.778000732572843356e-02 -2.260118038595255285e+00 2.481563451082289574e-03 9.998995638462413460e-01 1.393780211176913301e-02 -5.308793348112270660e-01 6.775190172114542442e-02 -1.407392608571720119e-02 9.976029139450250938e-01 3.904476837431112557e+01
9.976988431211540886e-01 1.162519585738675323e-03 -6.779397818974058909e-02 -2.338418751097991244e+00 -5.127659341021446882e-05 9.998659804090118675e-01 1.639087457743709439e-02 -5.246971661562332967e-01 6.780393628017705732e-02 -1.634968189178722525e-02 9.975651764698342250e-01 4.004463421990922001e+01
9.976808528334066839e-01 3.257090628459528153e-03 -6.798109235034811848e-02 -2.414973504274263494e+00 -2.146508949885416948e-03 9.998629569845488563e-01 1.640328439058525573e-02 -5.291096890384304752e-01 6.802520333195576085e-02 -1.621940445847984413e-02 9.975521901820444404e-01 4.104256720952783155e+01
9.976711257380921349e-01 3.661897946303166798e-03 -6.810744989387920723e-02 -2.486138054188479884e+00 -2.641222556818688741e-03 9.998824616476097438e-01 1.507035116399586643e-02 -5.368195694999530199e-01 6.815458174905587863e-02 -1.485535307571446938e-02 9.975644126142979573e-01 4.203464955723679708e+01
9.976759326352691026e-01 5.152336447474953340e-03 -6.794859096526913167e-02 -2.561958040496616906e+00 -4.279894918937432458e-03 9.999068954996650493e-01 1.297908159062401319e-02 -5.387167186637509264e-01 6.800904251578719639e-02 -1.265804279384608218e-02 9.976041718650657808e-01 4.303432754199759813e+01
9.976037834963382700e-01 6.495148874728861460e-03 -6.887647554349864143e-02 -2.633535845864980018e+00 -5.641432136129118438e-03 9.999053493577312324e-01 1.258204186048156141e-02 -5.508004982604368660e-01 6.895168731656753369e-02 -1.216328359515858951e-02 9.975458671459305204e-01 4.402321864118785300e+01
9.975226035828692606e-01 4.822449192903902407e-03 -7.018088886436206486e-02 -2.703420298867930782e+00 -3.865750460794041207e-03 9.998973449103653044e-01 1.376137137707783738e-02 -5.603670172792958315e-01 7.024009299071477808e-02 -1.345601243752693466e-02 9.974390515067654839e-01 4.501211683696782018e+01
9.974854324879913747e-01 3.827989792295686047e-03 -7.076341060691267171e-02 -2.776264550891976324e+00 -2.767973704783904809e-03 9.998830302125325531e-01 1.507141649005353315e-02 -5.597855809791990600e-01 7.081275652893867512e-02 -1.483767409625607984e-02 9.973795372994760378e-01 4.600188982375830449e+01
9.974383276736336068e-01 4.068451623643973974e-03 -7.141777560945734848e-02 -2.856598405354052961e+00 -3.144376964022557036e-03 9.999099618852567151e-01 1.304674444453411859e-02 -5.664475386203841056e-01 7.146435524033165065e-02 -1.278876616192508274e-02 9.973607104411096325e-01 4.698271892521862014e+01
9.973868398514903477e-01 5.902272582014958871e-03 -7.199866049339984087e-02 -2.939144174216244743e+00 -5.285348475411247304e-03 9.999474042490720249e-01 8.756034643520361344e-03 -5.698342544468577575e-01 7.204654461368456553e-02 -8.352630553855719744e-03 9.973667558994376847e-01 4.796091292699919961e+01
9.973226255907103877e-01 7.794112878632226613e-03 -7.270475432049854081e-02 -3.018999564350686615e+00 -7.326878182646785059e-03 9.999505599089767438e-01 6.690906017103255381e-03 -5.852329264895779204e-01 7.275336721270928009e-02 -6.140298479104575220e-03 9.973308145003128011e-01 4.893118331401252163e+01
9.973297239085286980e-01 5.766588265951734169e-03 -7.280707889670053057e-02 -3.087927676834818502e+00 -5.040263199591360488e-03 9.999355927656661258e-01 1.015580474450241029e-02 -5.865549308316598820e-01 7.286095735534048323e-02 -9.761721889373957406e-03 9.972946833258050647e-01 4.990351606601974765e+01
9.973499827802144724e-01 3.971831694483321865e-03 -7.264988870227133411e-02 -3.162135721751436979e+00 -2.966157470312829128e-03 9.998983518270995186e-01 1.394549351993621539e-02 -6.027578574810195100e-01 7.269789075998467354e-02 -1.369306801312956436e-02 9.972596653926861787e-01 5.088132363246366197e+01
9.973246477070705218e-01 2.953300971656989959e-03 -7.303396868482420201e-02 -3.236208167088023835e+00 -1.864544431401686173e-03 9.998862325064428180e-01 1.497111588516523463e-02 -6.077250174788789705e-01 7.306983551248108499e-02 -1.479489467067983052e-02 9.972171197864866388e-01 5.184887485377727501e+01
9.973242236208785805e-01 1.207855845300873435e-03 -7.309234863505335855e-02 -3.307282257019664939e+00 -1.699608869316238807e-04 9.998995529753934575e-01 1.420417446712555175e-02 -6.162828701875590065e-01 7.310213659422135080e-02 -1.415375107476608829e-02 9.972242234037281827e-01 5.281020710330351875e+01
9.973184442738391997e-01 -6.235519301152035732e-04 -7.317905774880320569e-02 -3.376377853314858513e+00 1.566561657576732818e-03 9.999162651846180694e-01 1.282960755468947299e-02 -6.273462962713457491e-01 7.316491861537786912e-02 -1.290990641142388332e-02 9.972362905415428358e-01 5.377205610769615873e+01
9.972340378493560475e-01 -1.391974397630023341e-03 -7.430817533936680264e-02 -3.449946796311592401e+00 2.409705669517778724e-03 9.999041108561844693e-01 1.360823524913207586e-02 -6.318030344865677161e-01 7.428216391043926392e-02 -1.374960191629332265e-02 9.971428512944593425e-01 5.472651913489968223e+01
9.971744952443749588e-01 -3.508457870535767152e-03 -7.503501195179458627e-02 -3.520197410093163004e+00 4.832995638270387584e-03 9.998358738895958275e-01 1.747790590311717324e-02 -6.352058365225077274e-01 7.496136945805208229e-02 -1.779114692950373861e-02 9.970276308660290798e-01 5.568519720741150536e+01
9.970718286269451003e-01 -5.385494470293648861e-03 -7.628349516426029264e-02 -3.590998829318389429e+00 7.126508167081156350e-03 9.997196988329077882e-01 2.256924706819536663e-02 -6.418179707714246618e-01 7.614053502362914949e-02 -2.304683648708323596e-02 9.968304725401472277e-01 5.663966610045029171e+01
9.970246879243567228e-01 -5.537653074857401547e-03 -7.688787453568247943e-02 -3.668820762255867063e+00 7.510025812785056307e-03 9.996490055292186483e-01 2.538736271971489197e-02 -6.341909683980505585e-01 7.672032346787525936e-02 -2.588921552187145592e-02 9.967163065464246241e-01 5.758819304976118758e+01
9.969774428009576805e-01 -3.248542460191605405e-03 -7.762858548721848773e-02 -3.748774483885715991e+00 4.939697590532888052e-03 9.997539646234699928e-01 2.160319070391450089e-02 -6.354373607791238276e-01 7.753935321889046661e-02 -2.192139951002573112e-02 9.967485925755721343e-01 5.852088432354483416e+01
9.968514013393255935e-01 -1.370749685840634384e-03 -7.928416340760958969e-02 -3.829467236005476671e+00 2.560353755153311865e-03 9.998858706193948231e-01 1.490469357182315144e-02 -6.402601033516026607e-01 7.925471161857829128e-02 -1.506066224532910669e-02 9.967407280412795556e-01 5.944041111111302200e+01
9.967709233608483821e-01 7.710321469992856280e-04 -8.029368894783121824e-02 -3.912312633106921123e+00 -1.251257500812889834e-05 9.999550166680702956e-01 9.446952147245873260e-03 -6.541335912974725053e-01 8.029739005741266811e-02 -9.415445158681461785e-03 9.967260599710812130e-01 6.035959532860378118e+01
9.967303239419956773e-01 4.891055612115315088e-03 -8.064678520783648275e-02 -4.005438823978471952e+00 -4.085067685742471005e-03 9.999402468830832502e-01 1.015588095817857028e-02 -6.414087149918296094e-01 8.069160870489704152e-02 -9.793232341422809101e-03 9.966914291749210397e-01 6.127802393375706203e+01
9.966261866873078468e-01 7.817734361176846905e-03 -8.170535545910118103e-02 -4.077503616166069378e+00 -6.783513889216784970e-03 9.998937116838999550e-01 1.292783063260286545e-02 -6.536370841423613243e-01 8.179770727882501591e-02 -1.232999328716935170e-02 9.965731016287923127e-01 6.217312583483517585e+01
9.965124593653184037e-01 8.911014806485277953e-03 -8.297134374600488582e-02 -4.162542868924568040e+00 -7.720204147516436174e-03 9.998627783850195794e-01 1.466189676913526307e-02 -6.625282866673292137e-01 8.309055990135699732e-02 -1.397020269569258961e-02 9.964437622496619129e-01 6.306110659133693019e+01
9.964435665923145891e-01 9.874824751640464207e-03 -8.367693156725083958e-02 -4.243622106543825545e+00 -8.671063973680909892e-03 9.998540573467863402e-01 1.473693383046486942e-02 -6.721930010064099958e-01 8.381024138431085457e-02 -1.395891604091959066e-02 9.963843760608989131e-01 6.393878617853855673e+01
9.962841034504708038e-01 1.105919139564061349e-02 -8.541806572206885051e-02 -4.320604793826230861e+00 -9.789091765194676484e-03 9.998357081282187586e-01 1.527366880964764126e-02 -6.770042979409277573e-01 8.557287001311415786e-02 -1.438074592600687221e-02 9.962281884213103345e-01 6.479585820361576509e+01
9.961517928499906693e-01 1.210045212487028711e-02 -8.680859406101845699e-02 -4.402517220501360740e+00 -1.074550554434680096e-02 9.998133010093650519e-01 1.605979886813211840e-02 -6.843286406225174145e-01 8.698672013852599971e-02 -1.506519756925775791e-02 9.960959061406442494e-01 6.564530213392249891e+01
9.959943851368628920e-01 1.247384447676422661e-02 -8.854388207925753540e-02 -4.480440889797926651e+00 -1.104509039687825815e-02 9.998013610297272757e-01 1.660817194126565019e-02 -6.924844482669233470e-01 8.873342339410010549e-02 -1.556362449746698240e-02 9.959342538334097217e-01 6.647824377453001432e+01
9.958782815947864187e-01 1.276112177817272098e-02 -8.979294102037121972e-02 -4.556807274765390936e+00 -1.122159435646180939e-02 9.997812191878999721e-01 1.762938363556813132e-02 -6.973116566585668696e-01 8.999834625183895931e-02 -1.654911992655051095e-02 9.958044992173137322e-01 6.729788468529251588e+01
9.957651445885340458e-01 1.434738031739238480e-02 -9.080859670287189100e-02 -4.638130126076347892e+00 -1.258019780428705665e-02 9.997203244323061844e-01 2.000259852501227315e-02 -6.992766422372885815e-01 9.107020453921084446e-02 -1.877545644096513880e-02 9.956675309791599426e-01 6.810757394917057184e+01
9.956262243668718703e-01 1.522421252233530954e-02 -9.217898474053233537e-02 -4.720361729428927511e+00 -1.307951328322430953e-02 9.996306816794784389e-01 2.382593770253589940e-02 -6.941575735243251666e-01 9.250771302808843966e-02 -2.251602505202008123e-02 9.954570939536496743e-01 6.889621204328854276e+01
9.954613987993795599e-01 1.684970819127323133e-02 -9.365876356796315472e-02 -4.803035625593403246e+00 -1.443957130964877190e-02 9.995483753582778963e-01 2.635122540932345950e-02 -6.935969188217814274e-01 9.406047418910808144e-02 -2.487925493614543543e-02 9.952552258423426057e-01 6.967099822094137096e+01
9.953269625733813797e-01 1.934231004262642814e-02 -9.460745336388627635e-02 -4.882851101376957992e+00 -1.723244865478562593e-02 9.995848979701035253e-01 2.306745988200533531e-02 -6.953414678057451281e-01 9.501435071298142132e-02 -2.132934000708041483e-02 9.952471394565152174e-01 7.040654691650732389e+01
9.951478144822447636e-01 2.097429363601008984e-02 -9.613338910964905337e-02 -4.963683184762929024e+00 -1.949344822689600201e-02 9.996764619542721775e-01 1.631749379128939401e-02 -7.040628505810637705e-01 9.644461043005245204e-02 -1.436433803493630465e-02 9.952347235634829703e-01 7.113694173870101167e+01
9.949988889993113261e-01 2.304235237871214009e-02 -9.719402353990388987e-02 -5.035143327886681952e+00 -2.216304882494758016e-02 9.997035320698776095e-01 1.011730541546830217e-02 -7.254079908871177151e-01 9.739833476905096488e-02 -7.912572485196250893e-03 9.952135789308109715e-01 7.185700423304336937e+01
9.948761566960202529e-01 2.408761847218404348e-02 -9.818491638797560705e-02 -5.111810414585206352e+00 -2.341913237757353369e-02 9.996942737745077023e-01 7.954866049248814769e-03 -7.255993248872960599e-01 9.834652929866133375e-02 -5.614704171187827678e-03 9.951365695294719371e-01 7.254907126795966121e+01
9.948084102034694398e-01 2.454890851718665584e-02 -9.875674048541956129e-02 -5.183635554816437896e+00 -2.348341315832673526e-02 9.996527680932187909e-01 1.193772207245868272e-02 -7.282271805535822651e-01 9.901542262149033713e-02 -9.556599738840574482e-03 9.950398217033116222e-01 7.322955906106784596e+01
9.947356580637387591e-01 2.375403554477994311e-02 -9.968211836416546179e-02 -5.255551348464541306e+00 -2.241298689128137095e-02 9.996430543470464780e-01 1.455182013190082883e-02 -7.359140981668526038e-01 9.999216372167694933e-02 -1.224100027883389535e-02 9.949132875892147121e-01 7.388617543164995993e+01
9.946841625454905245e-01 2.126165751489146952e-02 -1.007503628584213579e-01 -5.314544860546503102e+00 -2.022262635023950456e-02 9.997310546150264265e-01 1.132296813587856804e-02 -7.471685152655949125e-01 1.009643711981650510e-01 -9.225291353622698878e-03 9.948467828394829127e-01 7.450249713184122413e+01
9.947477440148431160e-01 1.672754731797521446e-02 -1.009831827776645069e-01 -5.371835778007080897e+00 -1.610458478592594056e-02 9.998455658768651277e-01 6.980873164333905277e-03 -7.678429875099592739e-01 1.010846202672573968e-01 -5.317914687523218019e-03 9.948636901082916761e-01 7.512111481187687900e+01
9.949250236034423711e-01 1.256661200176213168e-02 -9.983576281058012536e-02 -5.427809682886569398e+00 -1.240022407006583990e-02 9.999202305369926380e-01 2.287121567028455038e-03 -7.801702264954627486e-01 9.985653683252156132e-02 -1.037540136013022016e-03 9.950017458595650233e-01 7.572703215628808948e+01
9.952225855639468266e-01 1.386174230045597588e-02 -9.664412006109546205e-02 -5.485369241663645035e+00 -1.375174981606200678e-02 9.999040143311855866e-01 1.804079718999514323e-03 -7.752803928414652157e-01 9.665985289658843294e-02 -4.664312427524899374e-04 9.953174001048674668e-01 7.629389314768495467e+01
9.955491623104736343e-01 1.657192435605082947e-02 -9.277965951275927992e-02 -5.550554545501649173e+00 -1.627195508811227209e-02 9.998600631207257283e-01 3.988884034962277697e-03 -7.719943108392556264e-01 9.283267585678241229e-02 -2.461407958125523023e-03 9.956787745688004954e-01 7.686110758907686602e+01
9.959734633559127470e-01 1.705972805736611503e-02 -8.801058508681987302e-02 -5.601825046894427729e+00 -1.648206364579152261e-02 9.998381055821967678e-01 7.286167046907173969e-03 -7.857461973761233898e-01 8.812056648744870380e-02 -5.806212437535126884e-03 9.960924310618903821e-01 7.742722243478250732e+01
9.964510422769274900e-01 1.484433623568502496e-02 -8.285991337695594594e-02 -5.640331373588880481e+00 -1.395420967941068957e-02 9.998385681632100397e-01 1.131126360017806198e-02 -7.973374942349270578e-01 8.301444690269345339e-02 -1.011484684632492186e-02 9.964973895598624454e-01 7.797728584215660419e+01
9.971090097853078094e-01 1.108389546799411034e-02 -7.516811627455122213e-02 -5.669065454174172736e+00 -9.956047032307183825e-03 9.998324823145278151e-01 1.536294071917901176e-02 -8.104825432086801840e-01 7.532578317113362842e-02 -1.457013566394347107e-02 9.970525079001644198e-01 7.851403862241684806e+01
9.978494376572272229e-01 1.438633312707945054e-02 -6.395593058577611623e-02 -5.707289025240893210e+00 -1.346183567018061598e-02 9.997993092109743740e-01 1.486308004636475999e-02 -8.206708577461341303e-01 6.415688101356896433e-02 -1.397020273257179243e-02 9.978422531317985289e-01 7.901852681675657664e+01
9.986036669069575655e-01 1.831625117677189440e-02 -4.954979185384440765e-02 -5.735700056423850057e+00 -1.762050084586042412e-02 9.997400533059409566e-01 1.444117917089368999e-02 -8.241734782205196730e-01 4.980146408529490670e-02 -1.354787873874799785e-02 9.986672797871013474e-01 7.952502191385424624e+01
9.992397952088590829e-01 2.303807576056686110e-02 -3.143548084151662897e-02 -5.750249776332517548e+00 -2.258454448394400793e-02 9.996371561248327264e-01 1.470448086533058911e-02 -8.214614233825082712e-01 3.176280006027214220e-02 -1.398334741033724696e-02 9.993980486663082141e-01 8.002583683459018005e+01
9.997262986998358691e-01 2.164217143676271105e-02 -8.926363500331749648e-03 -5.743189101246028549e+00 -2.150199445019165823e-02 9.996484189987794311e-01 1.551583486475132702e-02 -8.304143928150953258e-01 9.259026272953031766e-03 -1.531970127433617511e-02 9.998392823013845243e-01 8.049386943983158460e+01
9.996799653788777107e-01 1.900302580614809250e-02 1.672673992047597757e-02 -5.714672432020496018e+00 -1.927373481452367490e-02 9.996834542149430902e-01 1.617665869230434927e-02 -8.395962846968878512e-01 -1.641398676290237169e-02 -1.649389572762746323e-02 9.997295804061790969e-01 8.096550168648927581e+01
9.987734415177906833e-01 1.763990086854825071e-02 4.625666705163663378e-02 -5.674688336248805420e+00 -1.846400716927087265e-02 9.996767502452734711e-01 1.744973185623653611e-02 -8.419022483452590633e-01 -4.593391526121480550e-02 -1.828247338880989795e-02 9.987768082369359313e-01 8.141905185715199877e+01
9.967537436353524072e-01 1.672537585628191409e-02 7.875320924657261412e-02 -5.618359704924384523e+00 -1.823949321144453795e-02 9.996614813173578806e-01 1.854558616692314824e-02 -8.456681591358359285e-01 -7.841638811057299874e-02 -1.992184687206478150e-02 9.967217750472897597e-01 8.186733566595378875e+01
9.930163445637547603e-01 1.603995066871569813e-02 1.168790036553234990e-01 -5.542221943204316936e+00 -1.831589627800351769e-02 9.996626612901784448e-01 1.842416329717563514e-02 -8.481349781722380410e-01 -1.165444540575143045e-01 -2.043626407403281373e-02 9.929749941460668250e-01 8.231202238262220305e+01
9.873239586740020224e-01 1.607286941380059453e-02 1.579032392956378206e-01 -5.449343623961499183e+00 -1.921837952189676957e-02 9.996460428716404945e-01 1.841430542832651548e-02 -8.548881386690720952e-01 -1.575509917969419305e-01 -2.121559474139215681e-02 9.872829984543575188e-01 8.274075364623796247e+01
9.791251963530823721e-01 1.575240309398032862e-02 2.026471392957837903e-01 -5.336396551153338663e+00 -1.979276241350127336e-02 9.996432579578204969e-01 1.792675947680612281e-02 -8.612826598431085889e-01 -2.022930405275141230e-01 -2.156340577594682492e-02 9.790875456890968387e-01 8.316132718491735432e+01
9.674729219725761720e-01 1.820469972413831308e-02 2.523171805156486647e-01 -5.193755749434679991e+00 -2.268121416257194711e-02 9.996326983090965124e-01 1.484421354943036252e-02 -8.625360406783966205e-01 -2.519544360342557687e-01 -2.008418045658755605e-02 9.675303797183272270e-01 8.357488876374598874e+01
9.524114598494417550e-01 1.877029435667575824e-02 3.042379068691123956e-01 -5.038670442286740325e+00 -2.355218030189645817e-02 9.996496766767345443e-01 1.205512719148458742e-02 -8.755807221654778871e-01 -3.039059871939159829e-01 -1.864691389242736572e-02 9.525198634738237802e-01 8.395751986387318766e+01
9.329575239332035252e-01 1.894241645640322783e-02 3.594884123634887185e-01 -4.854706187371260917e+00 -2.380452503756470134e-02 9.996753780848760540e-01 9.102857625650584081e-03 -8.847668140320100738e-01 -3.591992466045840771e-01 -1.705001451770754919e-02 9.331050979819203173e-01 8.433364864205591971e+01
9.091184171503577938e-01 1.923493704314145278e-02 4.160930987105215251e-01 -4.652170563319262264e+00 -2.416378771556924182e-02 9.996865900212960065e-01 6.582428709400534386e-03 -8.920472787645510326e-01 -4.158363460178973736e-01 -1.603857505267075600e-02 9.092979928283461133e-01 8.468115059073468842e+01
8.805855022353237249e-01 1.948964019947703463e-02 4.734852621043033616e-01 -4.427291371351447680e+00 -2.417554250774591948e-02 9.997000408982373854e-01 3.811841228834076094e-03 -8.967922483937746936e-01 -4.732694536552349840e-01 -1.480347491749988212e-02 8.807934568664389507e-01 8.500669127164640315e+01
8.471969102789217443e-01 1.845953728794803503e-02 5.309580487860764419e-01 -4.173517419101923309e+00 -2.245011946316851498e-02 9.997478651834491581e-01 1.063723044736684985e-03 -9.136701923761416655e-01 -5.308043107417335094e-01 -1.282121942875498119e-02 8.473972245376290013e-01 8.532294146580977667e+01
8.109501849803578688e-01 1.751792248807709090e-02 5.848532539853079637e-01 -3.915512276698229321e+00 -2.093165240931987858e-02 9.997802081307859412e-01 -9.225231085466852748e-04 -9.234665033714652971e-01 -5.847409109005158312e-01 -1.149378128420073392e-02 8.111386068888560841e-01 8.559800917897563011e+01
7.708518508528915403e-01 1.567696157926670372e-02 6.368214775999038180e-01 -3.627199513097490780e+00 -1.955006059314551986e-02 9.998084377480728202e-01 -9.481168975581030778e-04 -9.335128860970666187e-01 -6.367141726668514856e-01 -1.171899384510842815e-02 7.710107113990354311e-01 8.587406681893025961e+01
7.288224400309798456e-01 1.504156257624310669e-02 6.845374984181124001e-01 -3.344172734116473755e+00 -2.023692551226730779e-02 9.997954254511172145e-01 -4.225864267037732496e-04 -9.366060477840738585e-01 -6.844031287798716390e-01 -1.354492887652560505e-02 7.289771345179029138e-01 8.610738228801209004e+01
6.839372092611810672e-01 1.381479872240258880e-02 7.294101939625403652e-01 -3.042042743306585972e+00 -1.941814697300675574e-02 9.998110653961437277e-01 -7.285943942827257692e-04 -9.445707282427059370e-01 -7.292824555824934940e-01 -1.366544282879397776e-02 6.840757253426753559e-01 8.633404339405136341e+01
6.368212426529190617e-01 1.247435076370492259e-02 7.709104851616538356e-01 -2.714712863452140024e+00 -1.694717738060047552e-02 9.998535863822111125e-01 -2.179477360478152513e-03 -9.560735684664021239e-01 -7.708247599354423052e-01 -1.167685724086178767e-02 6.369401709648697674e-01 8.654657083668132600e+01
5.908008047646485794e-01 1.045570663493433118e-02 8.067504094681753335e-01 -2.391951779640142384e+00 -1.287386639532475674e-02 9.999107905948132480e-01 -3.531300448597020445e-03 -9.775073058504387680e-01 -8.067149070111128140e-01 -8.299706865883320350e-03 5.908824046405382058e-01 8.671718415452245665e+01
5.433831989672022189e-01 1.071246596796698175e-02 8.394170201360469097e-01 -2.052247781383879754e+00 -1.207914533761328055e-02 9.999149235917718093e-01 -4.941500404392801075e-03 -9.852444387492439448e-01 -8.393980162103776843e-01 -7.454240620200022413e-03 5.434658774410261461e-01 8.689179377774081559e+01
4.968011326955096285e-01 1.322338278806493850e-02 8.677632981982927873e-01 -1.728128954702460751e+00 -1.521498667432355685e-02 9.998629117074112616e-01 -6.525719640773313020e-03 -9.884895103908785119e-01 -8.677312165181004788e-01 -9.960995959672619415e-03 4.969339555970790911e-01 8.704337155579734997e+01
4.508944211493811638e-01 1.492053548084252071e-02 8.924528431863920641e-01 -1.385553045333133282e+00 -1.588723182108416759e-02 9.998357578395121736e-01 -8.689072604379311296e-03 -1.004524761654957299e+00 -8.924355786047352135e-01 -1.026077726262492398e-02 4.510578210111065856e-01 8.718100374152396626e+01
4.081893236844247319e-01 1.292477428655197658e-02 9.128062076367809974e-01 -1.022873176635826997e+00 -8.105946605232663624e-03 9.999116987027999448e-01 -1.053331735100703111e-02 -1.006252139102412180e+00 -9.128613395179344669e-01 -3.099651621514842338e-03 4.082579776127753246e-01 8.729418111824296034e+01
3.689699089401319854e-01 4.645557665247697886e-03 9.294302020013711640e-01 -6.566874510146136767e-01 6.134875365229574586e-03 9.999535793330563971e-01 -7.433508412758737909e-03 -1.040298357551976194e+00 -9.294207212956988595e-01 8.444678875456065881e-03 3.689235117268117037e-01 8.737500730236058644e+01
3.333641432296047813e-01 1.354380167682977826e-03 9.427971575040319241e-01 -2.880620094104155426e-01 1.172177090265714983e-02 9.999156474937842543e-01 -5.581138029222426807e-03 -1.048370623729651951e+00 -9.427252074604749454e-01 1.291180335413539236e-02 3.333202092766109348e-01 8.745396958927717890e+01
2.997309681979344331e-01 3.893914028985199279e-03 9.540159583442218150e-01 8.615914223960299823e-02 9.185505684028798939e-03 9.999334081025593735e-01 -6.967228793390412185e-03 -1.060598598539502779e+00 -9.539797570624117817e-01 1.085140856167607012e-02 2.996756236995062883e-01 8.756125178122398722e+01
2.687384996956929117e-01 1.154786075672167671e-02 9.631438878174624074e-01 4.462583773058845793e-01 -2.558690176829546414e-04 9.999290672611700348e-01 -1.191747142170157710e-02 -1.054959929379060357e+00 -9.632129175569938973e-01 2.956241763062424088e-03 2.687224330431371988e-01 8.765457178370796498e+01
2.401397000800471748e-01 1.653422396982959577e-02 9.705970320880856761e-01 8.338399202993641568e-01 -4.863252390551419529e-03 9.998624698700494529e-01 -1.582952311905097206e-02 -1.073291940655491050e+00 -9.707264951049471291e-01 -9.190116419274911574e-04 2.401878300499033503e-01 8.774024867352102319e+01
2.137777960547512790e-01 1.787797660194523353e-02 9.767183240790915377e-01 1.220416979937318125e+00 -3.258199873318405257e-03 9.998396109801805931e-01 -1.758798449235800601e-02 -1.092466546003401096e+00 -9.768767238322244584e-01 5.776292317222634157e-04 2.138015929650680935e-01 8.780884849907002376e+01
1.904543561109110772e-01 1.938090557091738317e-02 9.815050837302407016e-01 1.619908528964243422e+00 4.162122771855003393e-03 9.997800735089635848e-01 -2.054943157974304865e-02 -1.105930524467747755e+00 -9.816869420861299433e-01 7.998862968307360322e-03 1.903325703801252433e-01 8.785917399506419656e+01
1.703344979832453754e-01 2.466803462375350212e-02 9.850772972961210350e-01 2.020360299318532338e+00 1.118522469794922154e-02 9.995742837696195426e-01 -2.696511857093337322e-02 -1.124536835330610662e+00 -9.853232292560836214e-01 1.561139260537602186e-02 1.699852182471351114e-01 8.790730578968326370e+01
1.501937889041035090e-01 3.107632448729914093e-02 9.881682311983339684e-01 2.438141865571198608e+00 1.314863328920387597e-02 9.993542144945566363e-01 -3.342662561767820173e-02 -1.130830191121509731e+00 -9.885690428694723364e-01 1.801353462104802322e-02 1.496879966013398011e-01 8.795395718920021011e+01
1.328350508984395828e-01 3.253082892142181159e-02 9.906040958201479674e-01 2.883706645861993323e+00 9.889858143788843314e-03 9.993675403981234773e-01 -3.414484943652181664e-02 -1.140952787396486423e+00 -9.910883893742624684e-01 1.433257589996753470e-02 1.324294087034369738e-01 8.800562514446285434e+01
1.170016964803792664e-01 2.788366177336804724e-02 9.927406749895607563e-01 3.333051924224504248e+00 9.665810516342179456e-03 9.995267499797263477e-01 -2.921351937082607153e-02 -1.161816323523014782e+00 -9.930847055382225896e-01 1.301366073505339817e-02 1.166775535398943825e-01 8.805737580367063799e+01
1.025219853923806240e-01 2.480640338544003870e-02 9.944217455752880630e-01 3.803576293049698798e+00 1.029396558299774250e-02 9.996088768014325110e-01 -2.599710324592892016e-02 -1.183582351002080202e+00 -9.946770295300224607e-01 1.290182133133504529e-02 1.022271378061869879e-01 8.809666446551041474e+01
8.963477428743751863e-02 2.225256455768748892e-02 9.957261604474454408e-01 4.291322421324085035e+00 1.242805124723958023e-02 9.996471347931782381e-01 -2.345901789305099641e-02 -1.203417008914760888e+00 -9.958967562384181127e-01 1.447768226844066419e-02 8.932659091938417728e-02 8.812990934132349707e+01
