1.000000000000000000e+00 0.000000000000000000e+00 -5.421010862427522170e-20 -7.589415207398531038e-19 0.000000000000000000e+00 1.000000000000000000e+00 1.525506338004994911e-18 6.938893903907228378e-18 0.000000000000000000e+00 -3.557538378468061424e-19 1.000000000000000000e+00 0.000000000000000000e+00
9.999909229634185159e-01 1.828886024314064704e-03 3.873858865626298061e-03 1.341219973368371933e-02 -1.838666589928945189e-03 9.999951305289586090e-01 2.522354404107109843e-03 2.280928470306316236e-02 -3.869228356606664067e-03 -2.529449969346559204e-03 9.999889465076226003e-01 5.391628591494503908e-01
9.999778600103980120e-01 2.273782374196696432e-03 6.317837487437442598e-03 9.318435971770901508e-03 -2.291369827309173990e-03 9.999932476093748024e-01 2.777092177113838455e-03 -2.524624712894808776e-03 -6.311483296386638867e-03 -2.791508696529185294e-03 9.999758923802271049e-01 1.734304634237466169e+00
9.999737880829356884e-01 1.992072363010757852e-03 6.922611486776700934e-03 1.248437074431582063e-02 -2.018632245892226090e-03 9.999903165226308177e-01 3.830995701605140538e-03 -2.563506897365670778e-02 -6.914910546906948355e-03 -3.844881083202884766e-03 9.999688953944336767e-01 2.939259645495613693e+00
9.999697695820166654e-01 1.881751010048152498e-03 7.495243258861895852e-03 1.729211607639257256e-02 -1.910543202208262945e-03 9.999903374283987123e-01 3.835134623695187536e-03 -5.130949649217924485e-02 -7.487951473507111627e-03 -3.849347898278363943e-03 9.999648929895845750e-01 4.148105713146229334e+00
9.999617171220440692e-01 1.199113342009365188e-03 8.630846198434327307e-03 2.619644495096241227e-02 -1.234180958986435053e-03 9.999913627211157729e-01 4.059945410444013546e-03 -5.948918556963799648e-02 -8.625902622650415130e-03 -4.070448278132463189e-03 9.999549201568402879e-01 5.341435094311540510e+00
9.999567356911822635e-01 9.180080071381508527e-04 9.238437885804969690e-03 2.971714897211225753e-02 -9.506221433712314789e-04 9.999933302085941556e-01 3.527053250266137287e-03 -9.538696468204768686e-02 -9.235131295077487340e-03 -3.535677684538028349e-03 9.999509341002235097e-01 6.535767444293123063e+00
9.999477538486504224e-01 1.194060487676919941e-03 1.012275091336542476e-02 3.614967890321379301e-02 -1.224364661388090483e-03 9.999943386600105288e-01 2.987900176707657118e-03 -1.150166349464303017e-01 -1.011917600989783311e-02 -3.000142261219011612e-03 9.999439074913388792e-01 7.727381750027126017e+00
9.999446508371948594e-01 1.376215724516740083e-03 1.047480702211724297e-02 4.267988206625985409e-02 -1.419412217580460697e-03 9.999904601483018407e-01 4.116548671825144383e-03 -1.345776958509088406e-01 -1.046894803153507712e-02 -4.131189508538588365e-03 9.999368890145031719e-01 8.925459435266184016e+00
9.999525835469885715e-01 7.931712694379186579e-04 9.700004550621765115e-03 4.753565315574596883e-02 -8.447053703896281046e-04 9.999854781824150107e-01 5.309838998742389023e-03 -1.541381501174856061e-01 -9.695656035344920112e-03 -5.317785024802748617e-03 9.999389382705964335e-01 1.012420060441866632e+01
9.999706759974718029e-01 -4.123121787052014264e-04 7.648618889051922616e-03 5.029500524480708112e-02 3.724687393487947917e-04 9.999863031104156974e-01 5.209848728205328933e-03 -1.753217966175182607e-01 -7.650666239263980567e-03 -5.206844718329560300e-03 9.999570208921126913e-01 1.131931340662188390e+01
9.999878065997950261e-01 -7.420795589583480123e-04 4.891602428976866285e-03 5.406396583858564392e-02 7.183638998095598360e-04 9.999881668311124683e-01 4.848686179721463894e-03 -1.947652876873630090e-01 -4.895135695566286103e-03 -4.845113225756311932e-03 9.999760265690923466e-01 1.251646127225098404e+01
9.999918529741239626e-01 -8.846694571850409472e-05 3.962151923891419660e-03 5.070669964526985235e-02 7.027326671340920761e-05 9.999891451133098297e-01 4.591697886107143876e-03 -2.160429378823028601e-01 -3.962519476030179968e-03 -4.591395074994945001e-03 9.999820019125663650e-01 1.370226729210246219e+01
9.999938989685167590e-01 1.927332063693439762e-03 3.047678550527973748e-03 4.957761730410756296e-02 -1.940373609703307384e-03 9.999891471552089239e-01 4.280176265148480548e-03 -2.409153598460934409e-01 -3.039396374594453745e-03 -4.286053109624052629e-03 9.999859538762744249e-01 1.488444869511975099e+01
9.999928938277909962e-01 2.378557125363514602e-03 2.894909219951791787e-03 4.722523462027405222e-02 -2.392450366950165525e-03 9.999851608657095436e-01 4.803153281869055116e-03 -2.589014523450089977e-01 -2.883451840181090482e-03 -4.810044140248917813e-03 9.999839453064993666e-01 1.608022304614942755e+01
9.999928658526283654e-01 2.116083759825264712e-03 3.119232983586540334e-03 4.595949027811765258e-02 -2.133488116547774260e-03 9.999821871208012247e-01 5.586627503199812807e-03 -2.815303027866955521e-01 -3.107352190517189989e-03 -5.593245682059232171e-03 9.999799470265704482e-01 1.727264364698864796e+01
9.999979224198528582e-01 1.079806846219307295e-03 1.799540241812214647e-03 4.173396960769867187e-02 -1.089886893856752484e-03 9.999840943400155613e-01 5.616798593697182665e-03 -2.951995832138847309e-01 -1.793441017432702853e-03 -5.618748377549724789e-03 9.999829832401314622e-01 1.847379308156601851e+01
9.999969440279359301e-01 1.804236899921728143e-03 1.648532572478377933e-03 4.112194005227963467e-02 -1.811732190340427373e-03 9.999880808916327135e-01 4.558927877114178108e-03 -3.143757661541915494e-01 -1.640287553686042583e-03 -4.561890593867951212e-03 9.999879750804313572e-01 1.966734884527300764e+01
9.999989681939638331e-01 1.040493410690688028e-03 9.993774354819721754e-04 3.721239770870114066e-02 -1.044771098405198814e-03 9.999900412650551962e-01 4.289922206154525575e-03 -3.321742070289008808e-01 -9.949040165598971308e-04 -4.290966150218703153e-03 9.999899905409808110e-01 2.085037635164509595e+01
9.999990037278712052e-01 1.200490273097152769e-03 -2.300584647713219046e-06 3.336696696953228569e-02 -1.200458891978055387e-03 9.999879986489248473e-01 4.720249459585494807e-03 -3.407040853598772290e-01 7.967497982017221914e-06 -4.720249636947322289e-03 9.999889976232039235e-01 2.205863547202281794e+01
9.999990113644062761e-01 1.173674925170325317e-03 -2.123168202469476662e-04 2.644517983433319550e-02 -1.172675586600172709e-03 9.999889891095108396e-01 4.619997052408184382e-03 -3.642658783417309643e-01 2.177358207671485158e-04 -4.619741295097732833e-03 9.999889995260827780e-01 2.325470781169993373e+01
9.999980569909833195e-01 1.115141800226565616e-03 -1.659074876064674979e-03 1.769498013934059366e-02 -1.108417302112260985e-03 9.999909316673519788e-01 4.054585963814780897e-03 -3.893087176385954251e-01 1.663581337175167258e-03 -4.052741306311025485e-03 9.999900113416647640e-01 2.445781157549835783e+01
9.999970805296923837e-01 9.079322312152415808e-04 -2.012042908674328834e-03 1.105067132066201059e-02 -8.983000399142813952e-04 9.999879083251431711e-01 4.781520089593808108e-03 -4.066599465930454960e-01 2.016358236258224135e-03 -4.779715292628159903e-03 9.999870111451643062e-01 2.565478294374604573e+01
9.999951452515332129e-01 7.501220634994996972e-04 -3.118954504193624955e-03 4.041817230699636110e-03 -7.324899076714287000e-04 9.999838400159120066e-01 5.651522005243525201e-03 -4.222339318392482332e-01 3.123135901973277725e-03 -5.649202382104488544e-03 9.999790147325545719e-01 2.684776666395723765e+01
9.999931855516874801e-01 4.108506084058612118e-04 -3.632181677613242812e-03 -5.292837163399435364e-03 -3.881394321854428342e-04 9.999808052846461681e-01 6.248896200625210333e-03 -4.364804168553153563e-01 3.634679765096583345e-03 -6.247436541392262059e-03 9.999740091636661887e-01 2.804106998639227299e+01
9.999901774265892440e-01 4.549981029436499930e-04 -4.313579447873167917e-03 -9.914619257130358188e-03 -4.332043265934566734e-04 9.999868101557172206e-01 5.051689785551222861e-03 -4.493617362624802158e-01 4.315830221118093120e-03 -5.049778848604949757e-03 9.999780124176935736e-01 2.924308687494290027e+01
9.999832370155854466e-01 -5.266157761453678365e-05 -5.778911090317163761e-03 -2.217119563226381193e-02 8.203988878385456984e-05 9.999867664126195210e-01 5.084339916334972530e-03 -4.721626876578037257e-01 5.778565823595489814e-03 -5.084726146674321476e-03 9.999699965717948613e-01 3.043927184892738680e+01
9.999831836243976424e-01 -1.817321166585755821e-04 -5.735644154239672929e-03 -2.608398520618422645e-02 2.045702287446268114e-04 9.999918249099292167e-01 3.981237408634850233e-03 -4.873722386645411575e-01 5.734871012335675776e-03 -3.982361357563967384e-03 9.999759914656729531e-01 3.164355832523939682e+01
9.999782533640612092e-01 -4.072876420426179561e-04 -6.569738583183000469e-03 -4.256422736403821933e-02 4.388454646336885021e-04 9.999887667969615812e-01 4.801594279957814050e-03 -5.098461950094130835e-01 6.567710665679884520e-03 -4.804365679819964756e-03 9.999669798389771991e-01 3.283239535217530403e+01
9.999742967386707759e-01 -2.477315358763009651e-04 -7.193693415331827226e-03 -5.248214622280113900e-02 2.846327161894982721e-04 9.999867176971276583e-01 5.129751073798676474e-03 -5.229153810238390543e-01 7.192328740486469453e-03 -5.131662807410155604e-03 9.999609855642013212e-01 3.402472370257527956e+01
9.999743064079192889e-01 -1.209212577082872248e-03 -7.060553875227961948e-03 -6.376547794759876431e-02 1.247610608719041010e-03 9.999847543135701455e-01 5.435450348129144092e-03 -5.522097164367465449e-01 7.053874450612321670e-03 -5.444103797801264771e-03 9.999599392785105678e-01 3.522902907847107201e+01
9.999683264964510654e-01 -1.881050665615627282e-04 -7.903986457970166996e-03 -7.952342588697881853e-02 2.287188100961075332e-04 9.999866864550397416e-01 5.137024549761076524e-03 -5.649460870807599955e-01 7.902920822663956832e-03 -5.138678401252156323e-03 9.999559870485091873e-01 3.642820136798515307e+01
9.999713577526671004e-01 -8.681623867029357455e-04 -7.550423520496100764e-03 -9.592312226402407993e-02 9.128294505726212982e-04 9.999816897979858510e-01 5.915709035673720820e-03 -5.893134851684757036e-01 7.545151976430304608e-03 -5.922433789322884348e-03 9.999539524493470388e-01 3.762471493204647288e+01
9.999674757086717269e-01 -9.437457141495643118e-04 -7.976916797356597977e-03 -1.109432487448859112e-01 1.003076961295317968e-03 9.999715785907222765e-01 7.437203293470351188e-03 -5.980519723189482439e-01 7.969674338520893117e-03 -7.444965929810417465e-03 9.999409457006057655e-01 3.882090524355813699e+01
9.999665549243546003e-01 -1.310812624164899194e-03 -8.122231925838248670e-03 -1.271301719569188915e-01 1.380134722468296000e-03 9.999625204056888927e-01 8.537177788605535000e-03 -6.155621688795428481e-01 8.110737800331281958e-03 -8.548106309597432520e-03 9.999309246699564779e-01 4.002065392717589276e+01
9.999705266525800162e-01 -9.903141012866959955e-04 -7.661012002484205580e-03 -1.434562961208728504e-01 1.055943675167141105e-03 9.999625274405440356e-01 8.568507347082416140e-03 -6.319923879079624163e-01 7.652235929782336479e-03 -8.576349535290499898e-03 9.999339459068760094e-01 4.122056757348214973e+01
9.999705130627992711e-01 9.209133280786707676e-05 -7.650116068407839497e-03 -1.614059470065479229e-01 -2.867293292691669437e-05 9.999654852030250840e-01 8.289413997421403099e-03 -6.492632952902862575e-01 7.650613300615493120e-03 -8.288956217662762915e-03 9.999360017341757390e-01 4.242249883449859027e+01
9.999715992412223642e-01 2.864253401787832803e-03 -6.919647571749271316e-03 -1.847423484013812900e-01 -2.792097380216814959e-03 9.999422726574040965e-01 1.041356749330919242e-02 -6.572041818020180060e-01 6.949072781806309509e-03 -1.039393898074689182e-02 9.999221281013735974e-01 4.362625262017143513e+01
9.999786204065664874e-01 3.173499498557609891e-03 -5.794314089421387891e-03 -1.972529773882562287e-01 -3.099635285096435933e-03 9.999142656303792176e-01 1.271424059936845409e-02 -6.688235925883819766e-01 5.834158881244292695e-03 -1.269601255524657225e-02 9.999021139630541732e-01 4.483295733978896891e+01
9.999865524688127394e-01 3.261078000542153715e-03 -4.045915974378033741e-03 -2.065720738983253812e-01 -3.196716521996639110e-03 9.998703748183404016e-01 1.581179537116494949e-02 -6.719156306027311842e-01 4.096956062032007691e-03 -1.579868287606006963e-02 9.998670727128468050e-01 4.603616536142637727e+01
9.999943364894059439e-01 2.899950304781531707e-03 -1.899876313442588069e-03 -2.143740852058995672e-01 -2.863095884115880729e-03 9.998126471856955133e-01 1.912945634089233474e-02 -6.730112374663578256e-01 1.954996536381225104e-03 -1.912394981988591383e-02 9.998150163248985534e-01 4.723836479610323380e+01
9.999961330484693489e-01 2.832988869069292051e-03 -5.118437781725293425e-04 -2.218432047812931851e-01 -2.821781829312704215e-03 9.997818811932902561e-01 2.070596385830070565e-02 -6.773136144781417567e-01 5.703906863453323938e-04 -2.070448690586306623e-02 9.997849857582402633e-01 4.844545448273934340e+01
9.999968755255780328e-01 2.086655855465446505e-03 1.002638590218482952e-03 -2.275647775350966018e-01 -2.106160483961286994e-03 9.998001571298349432e-01 1.986675722278084810e-02 -6.856736552854374445e-01 -9.609828290246368986e-04 -1.986881405165204922e-02 9.998019673445870392e-01 4.964536153483413727e+01
9.999936314698094630e-01 2.221516732629798610e-03 2.702586082025238909e-03 -2.289665548488382107e-01 -2.270963163246255898e-03 9.998274304721518346e-01 1.843517471193701143e-02 -6.919640144026280026e-01 -2.661162840379935682e-03 -1.844127138043310035e-02 9.998259380580386546e-01 5.084671506784530948e+01
9.999915899044481415e-01 2.779119161954616418e-03 3.167937687115273109e-03 -2.318356646596112791e-01 -2.834019735616899113e-03 9.998434945186429612e-01 1.745644864095086124e-02 -6.845136879201312308e-01 -3.118928495725875258e-03 -1.746521807960618386e-02 9.998429155769088528e-01 5.205335583352194107e+01
9.999895311276142396e-01 2.812909245117817258e-03 3.662480421027747898e-03 -2.326527978983325418e-01 -2.874980686874289287e-03 9.998505644889653654e-01 1.705287334858835574e-02 -6.931712941245445903e-01 -3.613959765668097856e-03 -1.706320635285295609e-02 9.998479043834201940e-01 5.325844330111500824e+01
9.999936625452269245e-01 2.298514811146996559e-03 2.777572288954728921e-03 -2.367288102905094893e-01 -2.343614499101765933e-03 9.998633999068882172e-01 1.633992829341548991e-02 -7.033499173074101440e-01 -2.739638471840637711e-03 -1.634631304607162341e-02 9.998629375478848003e-01 5.446655805017962138e+01
9.999958651627942618e-01 2.433848871706709160e-03 1.242362671002150004e-03 -2.399595694094791287e-01 -2.454068692853488345e-03 9.998601741008187327e-01 1.654728048941969676e-02 -7.032789745590551922e-01 -1.201914922827840293e-03 -1.655032675476210760e-02 9.998619607363871120e-01 5.567549792957780141e+01
9.999970177564021512e-01 2.597680191499949359e-03 1.258842996390414329e-04 -2.439124243018121752e-01 -2.599502783182841559e-03 9.998410033113936946e-01 1.762699440236011744e-02 -7.068468442296903520e-01 -8.007475964910888179e-05 -1.762722210085753208e-02 9.998449789322041426e-01 5.687925313917099146e+01
9.999952182850723181e-01 2.744199699951859611e-03 -1.187461992934022229e-03 -2.464633439037245410e-01 -2.721631992368753541e-03 9.998237791597510693e-01 1.859271299158723675e-02 -7.127339780445099970e-01 1.238280189701622706e-03 -1.858936454037379490e-02 9.998260025551765073e-01 5.808889936500175111e+01
9.999933020944988815e-01 3.291453268944852240e-03 -1.710701109137688272e-03 -2.518615747642197755e-01 -3.259117841695056278e-03 9.998216823028941436e-01 1.857868757794009507e-02 -7.171665515056188100e-01 1.771551452425695981e-03 -1.857295395478971572e-02 9.998260156026068657e-01 5.929070831432601096e+01
9.999894152464275932e-01 3.826699305505519566e-03 -2.462621782305081733e-03 -2.630955215064734176e-01 -3.780845234114958014e-03 9.998245460630631465e-01 1.836141744390909145e-02 -7.209588947127891778e-01 2.532455202657073277e-03 -1.835194879564005371e-02 9.998280386905094019e-01 6.049523921416835037e+01
9.999904424626121502e-01 3.481205196366412083e-03 -2.820616791195444412e-03 -2.721308956586642180e-01 -3.431301680453956518e-03 9.998405121010278673e-01 1.751412008236626419e-02 -7.249546004385781783e-01 2.881133804502677281e-03 -1.750426362696638760e-02 9.998430454363599340e-01 6.169400155132338881e+01
9.999923941654069726e-01 2.804944747838357400e-03 -2.620415026237891271e-03 -2.779825876553438935e-01 -2.760133776391336322e-03 9.998525725469326053e-01 1.695137219629921227e-02 -7.343304881080232605e-01 2.667571299541776891e-03 -1.694397621677451102e-02 9.998530332876605087e-01 6.288969935386293741e+01
9.999924919201398366e-01 2.256304812577141633e-03 -3.212763743680508224e-03 -2.859172558545423071e-01 -2.199033930348363863e-03 9.998404730687765474e-01 1.772033321714418588e-02 -7.417779950244365317e-01 3.252234496285540555e-03 -1.771313799252859089e-02 9.998380350110834813e-01 6.409423972349837584e+01
9.999935251983876894e-01 1.823752321946559354e-03 -3.114730982113860739e-03 -2.949824478362327307e-01 -1.762387226670242280e-03 9.998064491733696935e-01 1.959179731720165143e-02 -7.404211659981706495e-01 3.149857541473208115e-03 -1.958615466749150796e-02 9.998030256282425254e-01 6.529446800318137889e+01
9.999925925843645702e-01 1.644618896352373003e-03 -3.599453164825521575e-03 -3.053642029586969842e-01 -1.574629060348992429e-03 9.998113790355543928e-01 1.936243012378192907e-02 -7.453405725089230494e-01 3.630616050342248737e-03 -1.935663077291523149e-02 9.998060283800811465e-01 6.649448766375965647e+01
9.999885763033740105e-01 3.057273944469512256e-03 -3.620883784461692307e-03 -3.167310703246407066e-01 -2.990575642222709565e-03 9.998283675250605462e-01 1.828373419745327189e-02 -7.491805001823840238e-01 3.676157778628513003e-03 -1.827267159886401121e-02 9.998260561715653916e-01 6.769186340966521698e+01
9.999825341440135018e-01 4.983176426469011766e-03 -3.248724663548608130e-03 -3.305347731596446903e-01 -4.923728731638966905e-03 9.998243856930749685e-01 1.805758635026821768e-02 -7.510097089421636785e-01 3.338142576920255598e-03 -1.804124069509721595e-02 9.998320801629118071e-01 6.888349810673103946e+01
9.999725960856234996e-01 6.530348238768822478e-03 -3.499628173136424755e-03 -3.439643447205441018e-01 -6.465057661261654556e-03 9.998102874018794939e-01 1.835682193778592070e-02 -7.550181269969585829e-01 3.618847897970660192e-03 -1.833372138946643901e-02 9.998251165124967255e-01 7.008039115247235884e+01
9.999605395106518912e-01 8.425017589290961437e-03 -2.896084808022491089e-03 -3.570876289331875730e-01 -8.369124621788279206e-03 9.997883462336640825e-01 1.879836886936803175e-02 -7.569629995253999155e-01 3.053851171691301155e-03 -1.877340612483647392e-02 9.998191142556840383e-01 7.126798074486049472e+01
9.999554391459869462e-01 9.205010767394576285e-03 -2.058543107945797618e-03 -3.689837936917443328e-01 -9.162991077145122426e-03 9.997664930297378572e-01 1.956824687673561214e-02 -7.673522161540038411e-01 2.238183024696891159e-03 -1.954848364641891337e-02 9.998060678242750576e-01 7.246168511197853945e+01
9.999441742276587997e-01 1.054859634733297524e-02 -2.137633028061579213e-04 -3.765984544255594479e-01 -1.054195052126482082e-02 9.997288918623198350e-01 2.077143380608166209e-02 -7.671323306852132484e-01 4.328142018000057491e-04 -2.076800155478555204e-02 9.997839339100214051e-01 7.364692467545356180e+01
9.999506338553065810e-01 9.422776194806792988e-03 3.069099549739868257e-03 -3.783627282947018555e-01 -9.480637403928487972e-03 9.997666457918495952e-01 1.942104700481920784e-02 -7.724572584898194982e-01 -2.885381494670909933e-03 -1.944919358216217614e-02 9.998067203528439029e-01 7.481435871651554237e+01
9.999604678246519773e-01 7.280413089108147412e-03 5.066875742801912191e-03 -3.709070018253549650e-01 -7.353455287635831880e-03 9.998668415330655979e-01 1.455029019959229973e-02 -7.962277012463195858e-01 -4.960267427423445570e-03 -1.458694464964095140e-02 9.998816906422822726e-01 7.599838498913322837e+01
9.999402019970864419e-01 7.559551673371066663e-03 7.859655847776451584e-03 -3.721531934359770255e-01 -7.664999272905747077e-03 9.998802705235415589e-01 1.347515396895791577e-02 -7.961298102090517137e-01 -7.756841983424011058e-03 -1.353452951379535696e-02 9.998785274793717814e-01 7.717474193579144526e+01
9.999206299664048503e-01 6.781934893091635247e-03 1.057370116441420926e-02 -3.562070670138994810e-01 -6.959177462314407661e-03 9.998339425700255578e-01 1.681689737405480181e-02 -8.008972087734754775e-01 -1.045785971527946751e-02 -1.688912448246790085e-02 9.998024274635695097e-01 7.835428881188153127e+01
9.998869450279427307e-01 6.040030799457264329e-03 1.375623823713723395e-02 -3.474200063096768987e-01 -6.302201695498183681e-03 9.997977202111304473e-01 1.909523744823181379e-02 -8.077974603817273946e-01 -1.363805264794977663e-02 -1.917983587410152652e-02 9.997233347609266740e-01 7.953027645155778202e+01
9.998085366347140290e-01 7.167915306693970964e-03 1.823019396155356464e-02 -3.368131480593055671e-01 -7.480249419185151447e-03 9.998254852517975966e-01 1.712234731972738302e-02 -8.044304193967466432e-01 -1.810433265562837180e-02 -1.725547102857482445e-02 9.996869781134883892e-01 8.068537094782175245e+01
9.997524594689334299e-01 5.465319068959808083e-03 2.156670242741180049e-02 -3.149102443321257216e-01 -5.783782663302265009e-03 9.998744612520795716e-01 1.473203634874710802e-02 -8.169669462903075274e-01 -2.148347486814591173e-02 -1.485310265874714361e-02 9.996590792789868951e-01 8.185188798154126744e+01
9.996676070791122859e-01 4.722349974464539260e-03 2.534569129997913534e-02 -2.871932628076513394e-01 -5.019938095009350912e-03 9.999193242527885106e-01 1.169060483091935790e-02 -8.303092884239138272e-01 -2.528841339001734051e-02 -1.181401545127245926e-02 9.996100686680992053e-01 8.300602106294880400e+01
9.995896911926713813e-01 4.153991156203450455e-03 2.835243111478423159e-02 -2.592539029345781731e-01 -4.439528594402756059e-03 9.999402268517253445e-01 1.001546833253521770e-02 -8.455440048311665402e-01 -2.830914977078614891e-02 -1.013727462900908260e-02 9.995480819556032959e-01 8.416416955024061508e+01
9.994811151438587338e-01 3.429959631305342857e-03 3.203251465286893751e-02 -2.242988120093875604e-01 -3.785784691007099134e-03 9.999317623590187054e-01 1.105425973411229383e-02 -8.577540316995533320e-01 -3.199231392192175560e-02 -1.116977771192657377e-02 9.994261224971224822e-01 8.533345963912744025e+01
9.993444484914830728e-01 4.417213715660521858e-03 3.593407239781946927e-02 -1.904872124800832678e-01 -4.855583311032694513e-03 9.999148111348643564e-01 1.212110378537806579e-02 -8.701331987533933443e-01 -3.587740047663137699e-02 -1.228767946152617418e-02 9.992807403736523320e-01 8.649853516937307063e+01
9.992256293236282394e-01 4.405476858194572881e-03 3.909247674731777117e-02 -1.542715874214325156e-01 -4.819904368947029033e-03 9.999327314449210080e-01 1.051336177786289967e-02 -8.859113019144878587e-01 -3.904354011431166588e-02 -1.069358360254500304e-02 9.991806392314506180e-01 8.765375871541068875e+01
9.990542087345678501e-01 4.596318566977000350e-03 4.324091933920147512e-02 -1.051270758219521595e-01 -4.936788298817549811e-03 9.999573426044249258e-01 7.770138853710407273e-03 -9.036837218414934814e-01 -4.320335687802579622e-02 -7.976266421849611751e-03 9.990344486610071018e-01 8.879109973893267238e+01
9.989330335077085676e-01 4.447795314630888230e-03 4.596652385126475532e-02 -6.091924855842840991e-02 -4.808895640737286675e-03 9.999585718008654478e-01 7.748119973820327688e-03 -9.186484956125920975e-01 -4.593007786688994148e-02 -7.960908427868814211e-03 9.989133946914258155e-01 8.995033626766499424e+01
9.988025139924849860e-01 3.472170720072545111e-03 4.880830217778931585e-02 -9.206647491299287805e-03 -3.896245836133281973e-03 9.999558594945884282e-01 8.596159937790637598e-03 -9.373892172210602780e-01 -4.877627029054487640e-02 -8.776029742741072934e-03 9.987716265129265025e-01 9.109888781543050129e+01
9.986425568656230878e-01 2.565111490030217919e-03 5.201901430959704475e-02 4.792203340235215436e-02 -3.106284927185164538e-03 9.999415918496041833e-01 1.032525727235321725e-02 -9.524101069864242541e-01 -5.198950155663207423e-02 -1.047286685448327141e-02 9.985928512847725980e-01 9.223999902342890778e+01
9.985166598727589493e-01 1.871636533893300536e-03 5.442165049298310769e-02 1.042339312637550058e-01 -2.522711722954601096e-03 9.999262930537359262e-01 1.189734500645950495e-02 -9.644301958851403400e-01 -5.439533687521939942e-02 -1.201700245100124562e-02 9.984470470735051784e-01 9.340386062561982783e+01
9.983558191668944204e-01 8.699682181413422727e-04 5.730980055599663170e-02 1.679032500341253731e-01 -1.623271047204536202e-03 9.999127909560421301e-01 1.309918051590038858e-02 -9.777169844012564281e-01 -5.729336798285122878e-02 -1.317066101456415388e-02 9.982703898770632911e-01 9.455341656766759684e+01
9.982392013250401819e-01 -2.637174872537461495e-04 5.932337600007356326e-02 2.279397255995840033e-01 -4.402595872317928427e-04 9.999299307447591101e-01 1.185335467572130007e-02 -9.923043469274852590e-01 -5.932225420902286633e-02 -1.185860929822504101e-02 9.981688679302007650e-01 9.571793569651724454e+01
9.981184850070460302e-01 -1.288093739142047618e-03 6.130780392836794601e-02 2.937366962410008497e-01 7.448298999329170528e-04 9.999601607706866124e-01 8.883141244179708351e-03 -1.010860751102767630e+00 -6.131676402225474248e-02 -8.820757563902647050e-03 9.980793542222673453e-01 9.687632438972876514e+01
9.979598916047136559e-01 -1.031363211031251052e-03 6.384135559715917174e-02 3.629309100832078805e-01 6.633783731019018623e-04 9.999828230447486144e-01 5.784819448993324363e-03 -1.020068040788840724e+00 -6.384621646298592468e-02 -5.730675753507889943e-03 9.979432853505377787e-01 9.802426205978267149e+01
9.978965883180043184e-01 -9.166617880129335899e-04 6.481902082305729396e-02 4.374198556344376376e-01 6.353733835665646354e-04 9.999901573284808443e-01 4.360047392782947367e-03 -1.034523621883950639e+00 -6.482238783911067892e-02 -4.309694556595497321e-03 9.978872543535148854e-01 9.920520856517839547e+01
9.977811050812912530e-01 -1.053597635311784818e-03 6.656927477003236893e-02 5.103188004697331026e-01 7.134886979051459702e-04 9.999865846947215697e-01 5.132699474302599915e-03 -1.043367012244139413e+00 -6.657381339901241590e-02 -5.073810566224559206e-03 9.977683102239869317e-01 1.003641453479222179e+02
9.978442507027824870e-01 -1.082752585094663017e-03 6.561707225435675639e-02 5.784961512373544279e-01 6.363996116343318896e-04 9.999764530275976337e-01 6.822915846691788438e-03 -1.054219933037491286e+00 -6.562289840480731162e-02 -6.766447818988403223e-03 9.978212962696195731e-01 1.015470004772427046e+02
9.979403992597557504e-01 -1.501529887557433510e-03 6.412387990617510192e-02 6.466479268099756261e-01 9.492117396262085213e-04 9.999621376990799337e-01 8.642912369757114674e-03 -1.072001562742351588e+00 -6.413439141968171886e-02 -8.564250046089599833e-03 9.979044630411642025e-01 1.027288148263119325e+02
9.980289100315059558e-01 -1.444922276586603840e-03 6.273411387304476949e-02 7.170533106595790018e-01 8.312953048803875533e-04 9.999516737388265408e-01 9.806517310824222969e-03 -1.082617754548640843e+00 -6.274522426885412174e-02 -9.734993525585168214e-03 9.979824162296674350e-01 1.038967121304057741e+02
9.982347460629347191e-01 -1.225353201984975826e-03 5.938690363262388167e-02 7.895386647288650250e-01 5.895992876908170283e-04 9.999419543347275452e-01 1.072143675672581307e-02 -1.099642180360195676e+00 -5.939660134801612312e-02 -1.066746912976346447e-02 9.981772996023378086e-01 1.051116343803157918e+02
9.983859412919598997e-01 -6.593157848203785518e-04 5.678866238062815069e-02 8.531128444489628482e-01 4.612767057313518770e-05 9.999419976872893079e-01 1.079851311550341156e-02 -1.105932294213799905e+00 -5.679245341098342059e-02 -1.077837963578300202e-02 9.983280610207506678e-01 1.062966615349623822e+02
9.986204704910560670e-01 4.369948282326608507e-04 5.249995976195719755e-02 9.118160534909818260e-01 -9.872766043755674265e-04 9.999448756396647209e-01 1.045616303377079094e-02 -1.113206188527128493e+00 -5.249243058776487114e-02 -1.049355129134283207e-02 9.985666538692792304e-01 1.075257529253661346e+02
9.988137386940448836e-01 9.427501684246761271e-04 4.868097175092047507e-02 9.655048303870129578e-01 -1.461749325751958428e-03 9.999427519947680087e-01 1.062697048449407281e-02 -1.126552653817030958e+00 -4.866816744124555227e-02 -1.068549869921509021e-02 9.987575093111872304e-01 1.087367557053330103e+02
9.989638002618697055e-01 1.544726934725357617e-03 4.549004607235284520e-02 1.018016031124885812e+00 -2.057844531201316954e-03 9.999348548289720418e-01 1.123517165535356001e-02 -1.125246185805232946e+00 -4.546977641213511417e-02 -1.131715369864431248e-02 9.989013449091583841e-01 1.099248182196204624e+02
9.991757352133388004e-01 1.423065559459797333e-03 4.057429014801446771e-02 1.066489884726451232e+00 -1.946180813173213273e-03 9.999158111421079242e-01 1.285627334146004566e-02 -1.143713045538790718e+00 -4.055257528559141900e-02 -1.292460651132068192e-02 9.990934536445532643e-01 1.111527204701310581e+02
9.993149452527285703e-01 1.715067376146356057e-03 3.695742774392427044e-02 1.110865676194710661e+00 -2.213684373140428763e-03 9.999066267128325913e-01 1.345492771826262493e-02 -1.153489868668750473e+00 -3.693085984444283848e-02 -1.352755978868708589e-02 9.992264280344385075e-01 1.123547102914577351e+02
9.995085252396379571e-01 1.599964649023184748e-03 3.129443291133363059e-02 1.133627351860565957e+00 -2.028275570641170991e-03 9.999049216957037745e-01 1.365992990421747467e-02 -1.154232474931977004e+00 -3.126961147764910354e-02 -1.371673794510317249e-02 9.994165530646579310e-01 1.136018396979831380e+02
9.996470892584337076e-01 2.598873728474438566e-03 2.642565894031458085e-02 1.162941942549538643e+00 -2.959320594966797710e-03 9.999034753521587326e-01 1.361079589682382372e-02 -1.162657899544814022e+00 -2.638766237181923435e-02 -1.368420466419924091e-02 9.995584353894076957e-01 1.148128992668543304e+02
9.997425257636401996e-01 2.741585888381149402e-03 2.251727220728016315e-02 1.177567783839062354e+00 -3.048881633835749325e-03 9.999029746049998835e-01 1.362423878757412082e-02 -1.166762379648426329e+00 -2.247771485918809153e-02 -1.368935676713441130e-02 9.996534996313598542e-01 1.160099684403206197e+02
9.998532880355358587e-01 3.810455232954090832e-03 1.671093354534470068e-02 1.186408861187665531e+00 -4.024907235722442744e-03 9.999102128470912509e-01 1.281846517091349280e-02 -1.172159784740840260e+00 -1.666058325938691784e-02 -1.288390286696037938e-02 9.997784991173729319e-01 1.172651092680750224e+02
9.998886040565236888e-01 5.779093476292533962e-03 1.376091026146731254e-02 1.196632222048370053e+00 -5.956352756025205808e-03 9.998990137301304593e-01 1.287474950365648414e-02 -1.183819373084149085e+00 -1.368509891919460209e-02 -1.295530316376074763e-02 9.998223822133458505e-01 1.184840969194370786e+02
9.999069004430810592e-01 8.156071498026214867e-03 1.089407668710660679e-02 1.199279427158073119e+00 -8.298920896490808233e-03 9.998797906372188793e-01 1.313389652437810771e-02 -1.184360244257811834e+00 -1.078566754786514093e-02 -1.322306520109723868e-02 9.998543089197000633e-01 1.197411535901849504e+02
9.999100291889483350e-01 9.120085748139447959e-03 9.874905175411015368e-03 1.209690294672620459e+00 -9.247742106635434625e-03 9.998736725706750539e-01 1.296015110115144794e-02 -1.207238988698728255e+00 -9.755453099956347754e-03 -1.305029030361876986e-02 9.998672982403764564e-01 1.209770421753427740e+02
9.998940280875954212e-01 1.089210845401430115e-02 9.681346089287884774e-03 1.209052616036693006e+00 -1.102168023494930205e-02 9.998487937795016434e-01 1.342834206657609122e-02 -1.212376287402652908e+00 -9.533615815461395082e-03 -1.353361057709039431e-02 9.998631781329029300e-01 1.222030118608576288e+02
9.998941975854522823e-01 1.225231122768046313e-02 7.820410809963391358e-03 1.211454746290165696e+00 -1.236280305615360987e-02 9.998225616495239887e-01 1.423323468738331779e-02 -1.209627553732018690e+00 -7.644631945726215912e-03 -1.432838692759611128e-02 9.998682407650234527e-01 1.234620428384842796e+02
9.998841599248282641e-01 1.305173239041577254e-02 7.844666445315872857e-03 1.217698051847393215e+00 -1.316827510797807105e-02 9.998006543042620153e-01 1.499427603889521080e-02 -1.235649107973515015e+00 -7.647411495819852849e-03 -1.509585708715694558e-02 9.998571857709097621e-01 1.247068387125519706e+02
9.998522722315806854e-01 1.593436449921467254e-02 6.509359414373387318e-03 1.215915567823982801e+00 -1.604164059767385422e-02 9.997305723709393188e-01 1.678015403627244537e-02 -1.228436060953131737e+00 -6.240219202258545823e-03 -1.688205595490066893e-02 9.998381553974798885e-01 1.259578352558948069e+02
9.998322337205669541e-01 1.726322136774079141e-02 6.112362960051263838e-03 1.211129842886089270e+00 -1.737998355480233764e-02 9.996566475287760323e-01 1.959552454007741987e-02 -1.218260112986385257e+00 -5.771987268443943414e-03 -1.969845821819325715e-02 9.997891187506567912e-01 1.271987762765030539e+02
9.998572320705695349e-01 1.579107890975940676e-02 5.972641403218944232e-03 1.211688778921202969e+00 -1.590651461131276784e-02 9.996775617867982300e-01 1.979091644860737562e-02 -1.230242287175949301e+00 -5.658197474435908321e-03 -1.988309602260138545e-02 9.997862061426322500e-01 1.284467120729686371e+02
9.998583601609566385e-01 1.592982467420183193e-02 5.350404352085190440e-03 1.208281467077079618e+00 -1.602867243817426846e-02 9.996913632465459498e-01 1.897844113801600355e-02 -1.233539068148868934e+00 -5.046431963755331276e-03 -1.906151678844475103e-02 9.998052765924971830e-01 1.297057814892437762e+02
9.998914082244948487e-01 1.389449696732046949e-02 4.857089321373487915e-03 1.214217572791587596e+00 -1.398527610701148262e-02 9.997181772708448877e-01 1.918854252341182023e-02 -1.231007683750669823e+00 -4.589104299356145007e-03 -1.925442889113740744e-02 9.998044145046602882e-01 1.309608239522872850e+02
9.999355878172117018e-01 1.083511595720964248e-02 3.264536842468393832e-03 1.213208266664931756e+00 -1.090173779405934594e-02 9.997167547276086808e-01 2.113480645517535478e-02 -1.232782353094671990e+00 -3.034613780695655065e-03 -2.116903822018539882e-02 9.997716574551795965e-01 1.322367457738163523e+02
9.999646421435604005e-01 8.032930325004860456e-03 2.586663223894154415e-03 1.219973900581284409e+00 -8.090571074988771663e-03 9.997005812767018051e-01 2.310316943859802574e-02 -1.231321131177318229e+00 -2.400297640159183062e-03 -2.312328004958353472e-02 9.997297765797378277e-01 1.335076717405677584e+02
9.999805893371342957e-01 5.748472104710628319e-03 2.595507321089627045e-03 1.223350648945683350e+00 -5.810192591215556160e-03 9.996845752925490602e-01 2.443274833354304107e-02 -1.225280161599147766e+00 -2.454241439143774531e-03 -2.444726243659268300e-02 9.996978353703166453e-01 1.347666620722903019e+02
9.999945926493236659e-01 2.142030828216311134e-03 2.443986613599931704e-03 1.226860455908431957e+00 -2.197546773625028496e-03 9.997344669525862759e-01 2.294606910124914745e-02 -1.231846575750033423e+00 -2.394179472903958800e-03 -2.295134565829772336e-02 9.997339403980899375e-01 1.360397411806943353e+02
9.999944189682354878e-01 -1.848554203916392968e-04 3.393646431831150861e-03 1.228046183935629365e+00 1.112910812897226903e-04 9.997655763866287737e-01 2.166496661191561965e-02 -1.225924260956176681e+00 -3.396853710908444984e-03 -2.166443406542632039e-02 9.997600046451357025e-01 1.373018839395324164e+02
9.999955500593002977e-01 -1.317555305966678844e-03 2.569807380476204703e-03 1.226972818225784190e+00 1.261688098081996043e-03 9.997654147105636824e-01 2.162434209207702782e-02 -1.232233241533465584e+00 -2.597694372215185975e-03 -2.162106213616249439e-02 9.997630352301360990e-01 1.385768847733140490e+02
9.999934050193679536e-01 -1.374769232620630735e-03 3.299429667502206710e-03 1.227260290365570716e+00 1.300974118588569400e-03 9.997515507883379948e-01 2.226976224937753449e-02 -1.226073389717969864e+00 -3.329228782534991282e-03 -2.226532945245019920e-02 9.997470441922940987e-01 1.398509127215995989e+02
9.999901801935454637e-01 -9.560583456547071951e-04 4.316600338701676379e-03 1.224212826251875663e+00 8.537044884295609537e-04 9.997197831018328484e-01 2.365113367184899784e-02 -1.225396115425818833e+00 -4.337997385864245624e-03 -2.364719739033079027e-02 9.997110367046215806e-01 1.411278521546933291e+02
9.999880371363341069e-01 8.013652720359597942e-04 4.808573178387530456e-03 1.224152834929263634e+00 -9.244222396194816393e-04 9.996710034667390943e-01 2.564500202761235692e-02 -1.215090304518988251e+00 -4.786434595155578467e-03 -2.564917844127293650e-02 9.996599593969270892e-01 1.424088274414430373e+02
9.999839286478171552e-01 1.074085195967211873e-03 5.552974391774125745e-03 1.228536821083208830e+00 -1.210702426158265926e-03 9.996951305892184392e-01 2.465811498028273527e-02 -1.219774423760817683e+00 -5.524799839418203726e-03 -2.466448999251384666e-02 9.996809407629644317e-01 1.436788775515607313e+02
9.999778283604557894e-01 1.709791004078304102e-03 6.505645449349634762e-03 1.230088397290252100e+00 -1.859240965544149693e-03 9.997332743943906364e-01 2.303491467223322750e-02 -1.212801058383073061e+00 -6.464521986283886142e-03 -2.304651535440445723e-02 9.997138972451535821e-01 1.449520497207055030e+02
9.999769180419952885e-01 1.127928090679911760e-03 6.697657465462915696e-03 1.229127883789728592e+00 -1.264810095834295253e-03 9.997901512270628288e-01 2.046961168106887358e-02 -1.209058109593724062e+00 -6.673157971089165551e-03 -2.047754075283128930e-02 9.997679307309418339e-01 1.462252677297142611e+02
9.999750571956115275e-01 2.355416951394431052e-04 6.999374839456697778e-03 1.234311020167769168e+00 -3.534614984585602443e-04 9.998579613610316663e-01 1.685182635217221878e-02 -1.221561693181545394e+00 -6.994404306680728628e-03 -1.685387795208083753e-02 9.998339814433567785e-01 1.474924271535903415e+02
9.999732118906751177e-01 6.414980704959674651e-04 7.333470775170366183e-03 1.244772538610692925e+00 -7.401082538095668517e-04 9.999088302795186012e-01 1.345011759541549050e-02 -1.226831783948096222e+00 -7.324181748460761171e-03 -1.345518412155712572e-02 9.998829578298064069e-01 1.487606189543322728e+02
9.999712328928571647e-01 1.488927102782870021e-04 7.607600329413523321e-03 1.243158412911705257e+00 -2.443791821693536842e-04 9.999207805667923443e-01 1.255075340745107938e-02 -1.238621012677794786e+00 -7.605131006716749770e-03 -1.255222326246634504e-02 9.998919865403503859e-01 1.500276175672143211e+02
9.999682011232687850e-01 2.924373251140376800e-04 7.945335241815155991e-03 1.250003402227646276e+00 -3.919323771922854360e-04 9.999218224389171406e-01 1.252481666134661054e-02 -1.253205488632100684e+00 -7.941044419140558600e-03 -1.252755592301410363e-02 9.998899764378137434e-01 1.512955393273645086e+02
9.999711951569527635e-01 7.793905031162236263e-04 7.563059420450546355e-03 1.257778866886742009e+00 -8.801460956884971099e-04 9.999108564247092268e-01 1.332774077474393332e-02 -1.264687141526310565e+00 -7.551993821847293245e-03 -1.333399167400324895e-02 9.998829484183381355e-01 1.525614435265718782e+02
9.999701260107380918e-01 1.214619125082154819e-03 7.627300432340012801e-03 1.263150748668300238e+00 -1.324488995645599354e-03 9.998949536112825554e-01 1.441587335232075509e-02 -1.274987735369214059e+00 -7.608990856313059027e-03 -1.442557820721482829e-02 9.998669203779794179e-01 1.538273333369714919e+02
9.999700882920932177e-01 1.533727061136471240e-03 7.539844852501060603e-03 1.268386014877414425e+00 -1.648730772700961536e-03 9.998820101618384193e-01 1.526995852215334674e-02 -1.283686618645088151e+00 -7.515540367433784161e-03 -1.528192366373039984e-02 9.998549015460683753e-01 1.550942509283677850e+02
9.999741683493017508e-01 1.991196570858199885e-03 6.955886950118394217e-03 1.268787810672810989e+00 -2.096735739941641558e-03 9.998819488030821212e-01 1.519805701144957312e-02 -1.297080939201075367e+00 -6.924800532892237334e-03 -1.521225351493762923e-02 9.998598828476158440e-01 1.563611995958874559e+02
