1.000000000000000000e+00 0.000000000000000000e+00 -5.421010862427522170e-20 -7.589415207398531038e-19 0.000000000000000000e+00 1.000000000000000000e+00 1.525506338004994911e-18 6.938893903907228378e-18 0.000000000000000000e+00 -3.557538378468061424e-19 1.000000000000000000e+00 0.000000000000000000e+00
9.999980295733459368e-01 -2.739285727400659828e-04 -1.750099890301010618e-03 -1.898524830604427990e-02 2.776221156164312975e-04 9.999979737210016317e-01 2.105021449226369534e-03 -2.503229031532275967e-02 1.749520433244384663e-03 -2.105499636981528113e-03 9.999959967056527566e-01 1.278732256726846872e+00
9.999979969366497023e-01 -1.751410919501903557e-03 4.510413772959364709e-05 -2.885057817970465913e-02 1.751296998152320622e-03 9.999950002722055586e-01 2.749027370670288541e-03 -4.897735840634116072e-02 -4.991826302871765417e-05 -2.748932773405825866e-03 9.999960027911446447e-01 2.564129664215542004e+00
9.999980126640092282e-01 -1.836564669936961540e-03 -9.270785411650361938e-04 -3.049989866805875860e-02 1.838332583782647037e-03 9.999969980224224786e-01 1.899913737800287480e-03 -7.456364778466617604e-02 9.235863530760031167e-04 -1.901610621604879524e-03 9.999979893135686471e-01 3.900060358234042290e+00
9.999980051838621709e-01 -1.752221263398364738e-03 -4.704740010580914624e-04 -4.279071365107320335e-02 1.753036334743707063e-03 9.999969993809195712e-01 1.728829620784655104e-03 -9.481043064240328444e-02 4.674431212631431935e-04 -1.729649836798460155e-03 9.999979954352185008e-01 5.216708164583017115e+00
9.999970160274160857e-01 -2.238203226979089411e-03 -1.036252811988816989e-03 -3.937656836475900840e-02 2.240464931645343508e-03 9.999949984866443042e-01 2.196613129905608010e-03 -1.050045192443232883e-01 1.031330164242754604e-03 -2.198933062892898492e-03 9.999969854859396268e-01 6.557058097621547788e+00
9.999940096712662818e-01 -3.454965399402265547e-03 -6.497812422882568318e-04 -4.620669809540459833e-02 3.456686126265298177e-03 9.999900021428665964e-01 2.681976027219912066e-03 -1.272420066180519616e-01 6.405083807793042743e-04 -2.684208207091315877e-03 9.999959881858669908e-01 7.886232981721216895e+00
9.999940030097924648e-01 -3.337903243461067850e-03 -2.903617375635958583e-04 -5.717709887322330181e-02 3.338963815468838636e-03 9.999879982149501023e-01 3.672648307842081832e-03 -1.562839990044287974e-01 2.780998100265383256e-04 -3.673581672834123901e-03 9.999929987752576022e-01 9.198731732190013943e+00
9.999970239702680175e-01 -2.201194624374820143e-03 -1.210702099295100052e-03 -6.237439805018774042e-02 2.204497956164594256e-03 9.999939925256158268e-01 2.738968163273985956e-03 -1.795669993275609277e-01 1.204663254653518239e-03 -2.741629549131667856e-03 9.999959835041161149e-01 1.053836526747982560e+01
1.000000001063118482e+00 -3.598989694419503158e-04 -4.104729776465401627e-04 -7.232362278813990464e-02 3.600377347980953172e-04 9.999999999522924954e-01 3.372992198425137653e-04 -2.105512969287651470e-01 4.103507185737612843e-04 -3.374472793408994750e-04 9.999999989845889115e-01 1.186000745568155956e+01
9.999969938610815401e-01 2.397634650417306001e-03 -9.165390687851785768e-04 -8.298584767708923338e-02 -2.398291137644781301e-03 9.999969894394032943e-01 -7.065155105094331287e-04 -2.375008095110081041e-01 9.148418544100795843e-04 7.087165405433866038e-04 9.999990166995151863e-01 1.320931756189630590e+01
9.999899949049922965e-01 4.342329942311875038e-03 -8.504957505851549505e-04 -9.878578256437459126e-02 -4.342810012529344649e-03 9.999899769763398449e-01 -5.662782134380506824e-04 -2.431847147424766875e-01 8.480285982403344604e-04 5.699663753770542940e-04 9.999990281186678098e-01 1.453630952455227110e+01
9.999900021438318243e-01 4.532858777170477999e-03 -3.283455282791369217e-04 -9.484738241568219097e-02 -4.532711960397240933e-03 9.999899873998358002e-01 4.394683489844688606e-04 -2.710766634998850177e-01 3.303344674236075224e-04 -4.379727349493998554e-04 1.000000010456332467e+00 1.587417914404292141e+01
9.999960137591854537e-01 2.811084438349093287e-03 -3.495715345514875108e-04 -9.527134391301006477e-02 -2.809959095393166351e-03 9.999909826437980431e-01 3.179035777839598481e-03 -2.906899113643216515e-01 3.585058080405995572e-04 -3.178036207003928724e-03 9.999950035970164297e-01 1.722881802030790865e+01
9.999989894653634748e-01 -1.469607943916828759e-03 2.338925998166130750e-04 -9.623259163155971352e-02 1.468607611876628603e-03 9.999900052430126252e-01 4.256618498042068731e-03 -3.116075350955759826e-01 -2.401459873381228119e-04 -4.256261858927444693e-03 9.999910052916237690e-01 1.857783345832019606e+01
9.999959974208509905e-01 -2.706589168689505637e-03 -6.165801961325581473e-05 -9.623304302126685361e-02 2.706801366444695767e-03 9.999899993981123947e-01 3.564420924620666925e-03 -3.445644277257866595e-01 5.201054280203602385e-05 -3.564580649914475888e-03 9.999940031810367058e-01 1.992287388576959373e+01
9.999919965071418781e-01 -4.022969097981075014e-03 1.673276415092145569e-04 -1.001763023384553697e-01 4.022783356225845958e-03 9.999909963724410433e-01 1.051349695251878021e-03 -3.584508467936675657e-01 -1.715557931190918252e-04 -1.050670781429040692e-03 9.999990071204168940e-01 2.127615049302974271e+01
9.999979962255470811e-01 -1.831954930832502444e-03 3.535945929308953982e-04 -1.066743008949340432e-01 1.831598271303257024e-03 9.999979981771510706e-01 1.000078015584585436e-03 -3.971517069359642438e-01 -3.554259098725299462e-04 -9.994174754124056804e-04 9.999990055973019265e-01 2.264201071768176732e+01
9.999999899522401536e-01 3.493868023056526106e-04 6.230921149886069644e-04 -1.172241221576701270e-01 -3.506903515305623276e-04 9.999980119187970029e-01 2.093313721729232659e-03 -4.060227255088358356e-01 -6.223588370674379812e-04 -2.093528952739888167e-03 9.999979981289628395e-01 2.400822219383667289e+01
9.999979106641443405e-01 7.742648603907536370e-04 1.993002318900369014e-03 -1.181688013417995925e-01 -7.857101375808618615e-04 9.999831026417456137e-01 5.745831581178319734e-03 -4.215024131431978627e-01 -1.988520756011300135e-03 -5.747397658940561413e-03 9.999819866941099811e-01 2.535962020041256082e+01
9.999968931483819157e-01 -1.514847395060804972e-03 1.963241563440066423e-03 -1.238184447734644450e-01 1.502063312704363801e-03 9.999780812723011447e-01 6.500384834603713073e-03 -4.371747217433049615e-01 -1.973047152250620006e-03 -6.497405127085998343e-03 9.999770255793168916e-01 2.673750185579723038e+01
9.999868685110524513e-01 -4.571278649411195626e-03 2.345563536087924648e-03 -1.242262528052314602e-01 4.556584321945766729e-03 9.999700413080366834e-01 6.229716741509497627e-03 -4.752872184147518553e-01 -2.373970472024570025e-03 -6.218946052710755401e-03 9.999780901809107725e-01 2.810067355432189373e+01
9.999859295628756861e-01 -5.019438443988038373e-03 1.727525486428448456e-03 -1.244601236442667014e-01 5.011958618393014264e-03 9.999779977973464185e-01 4.302915284370834210e-03 -4.736873395644741191e-01 -1.749086080542117637e-03 -4.294196520262396656e-03 9.999890726397777652e-01 2.947853970970763271e+01
9.999829514733100666e-01 -5.080504677951801912e-03 2.837467054844202731e-03 -1.241845857964572197e-01 5.075102816346918622e-03 9.999849398938197576e-01 1.904890471955793252e-03 -5.091815152867601446e-01 -2.847109041488063864e-03 -1.890460612219819385e-03 9.999941086328701934e-01 3.085274283082188873e+01
9.999939731229935402e-01 -1.795243496897122593e-03 3.068796147217048818e-03 -1.471279133197043731e-01 1.792063985180182215e-03 9.999979865944300661e-01 1.037034951416514411e-03 -5.153258324446854388e-01 -3.070643790346054731e-03 -1.031535557266710515e-03 9.999950402825762419e-01 3.224689086459031273e+01
9.999930114966002481e-01 -1.562154157198765783e-03 3.384351150747075699e-03 -1.467907505377359645e-01 1.563588389750069328e-03 9.999989508533361215e-01 -4.192433971420818318e-04 -5.435512355659476436e-01 -3.383697237649720396e-03 4.245381489859847567e-04 9.999940376500637829e-01 3.363600114352863812e+01
9.999930031231450966e-01 -3.567239390616103525e-04 3.740291122640935790e-03 -1.502341872827859803e-01 3.571652674444186076e-04 9.999999876220804218e-01 -1.171635289488001821e-04 -5.611739879923132168e-01 -3.740247452830561172e-03 1.184993252179324910e-04 9.999930092547744120e-01 3.501378985294402924e+01
9.999949766246954974e-01 -1.623397254505055433e-03 2.750252531238386519e-03 -1.600573457258144261e-01 1.620629557784207010e-03 9.999979906762729298e-01 1.005684288941410256e-03 -5.868543032673103621e-01 -2.751885579353434072e-03 -1.001231178690489051e-03 9.999960326990314785e-01 3.642369519132594036e+01
9.999959491412974133e-01 1.012138004353131671e-03 2.695477197855090327e-03 -1.657503456422814436e-01 -1.018569765002903457e-03 9.999970717838022605e-01 2.384262226550332153e-03 -6.224760152085523357e-01 -2.693047214036296128e-03 -2.386995219452245267e-03 9.999939790749002855e-01 3.781599962718306784e+01
9.999929694597384788e-01 2.919582933527207352e-03 2.398271557037054934e-03 -1.667476318550069336e-01 -2.923654837210671806e-03 9.999940830979822115e-01 1.696841424744128688e-03 -6.425883328914484549e-01 -2.393304149027113310e-03 -1.703847861779950873e-03 9.999959474422793759e-01 3.922003429882485648e+01
9.999859606471954709e-01 4.652522832626303922e-03 2.393244465534953569e-03 -1.705408548242603739e-01 -4.658044209748274378e-03 9.999861237243191647e-01 2.309254709050673378e-03 -6.563846915815394478e-01 -2.382464507129302897e-03 -2.320378019144262241e-03 9.999949156284854146e-01 4.062873853938304336e+01
9.999759377169338270e-01 6.151951218505896657e-03 3.212182462379579561e-03 -1.728862399543842077e-01 -6.160662443847428338e-03 9.999772109474861503e-01 2.707644377892862338e-03 -6.713460789884432289e-01 -3.195458843572356045e-03 -2.727365615959555321e-03 9.999908513355799666e-01 4.201403424361636496e+01
9.999709499614581887e-01 7.268540489370306848e-03 2.481739049192817955e-03 -1.891791289867810200e-01 -7.276088862093686369e-03 9.999691878392831246e-01 3.042755290330135219e-03 -6.935794053402628556e-01 -2.459546374483144102e-03 -3.060711168673690280e-03 9.999918621992586187e-01 4.343010820120431958e+01
9.999779529905100661e-01 6.142163416916646135e-03 2.338169044448386562e-03 -1.970311726960400633e-01 -6.149096574193246498e-03 9.999771571990071495e-01 2.978326002573763141e-03 -7.112066129154664962e-01 -2.319818602789727388e-03 -2.992630476922883160e-03 9.999928898104826214e-01 4.483222661424053967e+01
9.999829869701674090e-01 5.738076762518192625e-03 1.029417619588563100e-03 -2.109250001936124330e-01 -5.740540661469561989e-03 9.999810604002978831e-01 2.413054770522337755e-03 -7.409167910492807652e-01 -1.015549987154820699e-03 -2.418915813718120443e-03 9.999969526295348077e-01 4.624930403168202986e+01
9.999909863758782436e-01 4.261467270289821460e-03 8.287133623914892319e-04 -2.140106752931593692e-01 -4.263972129612094916e-03 9.999860440271202133e-01 3.032269784509739052e-03 -7.636079541573226326e-01 -8.157804889107515096e-04 -3.035782522031886792e-03 9.999949695970016261e-01 4.765424530718836849e+01
9.999860258818324965e-01 5.325315848899761853e-03 -5.435797375409926694e-04 -2.100069299735546624e-01 -5.323326220232901113e-03 9.999789603366509017e-01 3.618307179235633140e-03 -7.856666306515824871e-01 5.628366036335255866e-04 -3.615355745849504338e-03 9.999930137815166153e-01 4.906320457282527059e+01
9.999820598782503955e-01 5.800876935312769891e-03 -1.436864073172512690e-03 -2.131354599296443886e-01 -5.794947598034705036e-03 9.999748888882616926e-01 4.096606152744714478e-03 -8.100681099799645901e-01 1.460595426275184718e-03 -4.088212000926687469e-03 9.999910512334878598e-01 5.048145046095827126e+01
9.999780962873238144e-01 6.246760579255255380e-03 -2.292873950640508980e-03 -2.236973796276795767e-01 -6.236557047998390196e-03 9.999708107407510038e-01 4.430198960753813087e-03 -8.329867254138046961e-01 2.320484864694777848e-03 -4.415788659946179653e-03 9.999870929719252288e-01 5.188991708589734486e+01
9.999801636974127161e-01 5.113886899398926641e-03 -3.768979124375518557e-03 -2.387757944581440639e-01 -5.095182999993419851e-03 9.999747075096327986e-01 4.957199323481382112e-03 -8.351656415371963016e-01 3.794231636562346577e-03 -4.937885848611313529e-03 9.999801287929545035e-01 5.332943130261251241e+01
9.999812218349510839e-01 4.733536823035110544e-03 -3.905029582050892692e-03 -2.456440769379875932e-01 -4.708032731101060783e-03 9.999676576178574416e-01 6.513646091570187736e-03 -8.687085377777883366e-01 3.935736083475919328e-03 -6.495141131445981986e-03 9.999711205471915054e-01 5.474104071116208559e+01
9.999832531427244042e-01 3.119122099928251651e-03 -4.784601845825922628e-03 -2.573929426228447337e-01 -3.089022247854454270e-03 9.999756480947633586e-01 6.283162066456468055e-03 -8.910442170472692158e-01 4.804076870805572622e-03 -6.268274121076552324e-03 9.999690987625121652e-01 5.617094418884577323e+01
9.999832554439243015e-01 1.716114289362113618e-03 -5.483172854015065829e-03 -2.665997564084539584e-01 -1.685082801733146091e-03 9.999826819557681157e-01 5.657495372943443721e-03 -9.219791312800732497e-01 5.492788243117291240e-03 -5.648156859438227713e-03 9.999690626003073790e-01 5.759720503576333783e+01
9.999861728298548025e-01 1.851515907808248471e-03 -4.928915677044844526e-03 -2.860437901444386477e-01 -1.830565787642684725e-03 9.999897655078275882e-01 4.250559287923644236e-03 -9.566624409581221400e-01 4.936732656589359371e-03 -4.241474575685520373e-03 9.999790616623176476e-01 5.902387573469096793e+01
9.999852228531969089e-01 1.242261390170772140e-03 -5.226256524684592952e-03 -2.901233936161548566e-01 -1.215061331405533143e-03 9.999857341555276058e-01 5.201728781240963495e-03 -9.882413353984362825e-01 5.232642392854609109e-03 -5.195306517425424785e-03 9.999730429912754293e-01 6.045163509375071698e+01
9.999852731810054962e-01 -2.427015470114399914e-03 -4.950395916794322546e-03 -3.026295941167970738e-01 2.461746183815567701e-03 9.999728069416242704e-01 7.021601718355955160e-03 -9.927676435063659266e-01 4.933216987932339918e-03 -7.033674643210245658e-03 9.999629198773698491e-01 6.187783485882621193e+01
9.999842368940662363e-01 -3.220731518586059626e-03 -4.521017601850230681e-03 -3.112780536670068376e-01 3.251255624580967445e-03 9.999718591448055749e-01 6.760723708052150498e-03 -1.020833948403378377e+00 4.499112606624719631e-03 -6.775318295441322240e-03 9.999669039611281951e-01 6.330708384142205603e+01
9.999841226810946004e-01 -4.096899662185767357e-03 -3.872500486981231890e-03 -3.248426334005106719e-01 4.113098715721772575e-03 9.999829841649406914e-01 4.184916512128129297e-03 -1.049190415625615103e+00 3.855287675128651111e-03 -4.200768448971601773e-03 9.999838931539646314e-01 6.470836344792050454e+01
9.999950943012486659e-01 -1.677874781260514821e-03 -2.743633217883485655e-03 -3.364031139885255151e-01 1.689937822903178621e-03 9.999889358852575016e-01 4.402719601595633803e-03 -1.089613864672876131e+00 2.736214962114314267e-03 -4.407336272977993921e-03 9.999869698134935536e-01 6.610798963210490342e+01
9.999970627155079228e-01 -4.255022802867628948e-04 -2.391970791947692961e-03 -3.456177384227058225e-01 4.333297574110666836e-04 9.999949442363548213e-01 3.270278301846395261e-03 -1.138669036186920280e+00 2.390563860463730712e-03 -3.271307339159659766e-03 9.999919930481372399e-01 6.750913762192013223e+01
9.999970073993867947e-01 -1.572879110066755307e-03 -1.995115636720522657e-03 -3.639415300693194522e-01 1.573855372020967723e-03 9.999990149267307116e-01 4.881914952265058150e-04 -1.254043863525406755e+00 1.994347756371678444e-03 -4.913260982564102153e-04 9.999979776738827653e-01 6.892870351187623612e+01
9.999910616955793863e-01 4.088794521574568019e-03 -1.209587889082473257e-03 -3.671760028245273366e-01 -4.082518020027996880e-03 9.999789109456661551e-01 5.141596622016671690e-03 -1.219969485719140545e+00 1.230581036255686943e-03 -5.136610540994322911e-03 9.999860273587545256e-01 7.034691477728314624e+01
9.999770161013913361e-01 6.823402391999812064e-03 1.479015643447037596e-04 -3.856238015285420873e-01 -6.824217789902269071e-03 9.999560076416385002e-01 6.428775948851926138e-03 -1.236303890424509833e+00 -1.040294637282886277e-04 -6.429631583113657942e-03 9.999789762569700757e-01 7.175505139464827664e+01
9.999459983832894583e-01 1.034740346213006493e-02 7.085174909740130523e-04 -3.992070463272657799e-01 -1.035183060893003076e-02 9.999250780826018925e-01 6.513779405502794460e-03 -1.257922952093927016e+00 -6.410633940297859974e-04 -6.520770297116130695e-03 9.999789235341084437e-01 7.316442693171148903e+01
9.999039878979583129e-01 1.381123827982395566e-02 1.143250561586142775e-03 -4.093974663612617859e-01 -1.381780849334448939e-02 9.998871520651315681e-01 5.929486305031875064e-03 -1.283203544567752985e+00 -1.061227336415336651e-03 -5.944714314149813182e-03 9.999818600369101418e-01 7.457361432946372304e+01
9.998609553971350428e-01 1.652976313288387344e-02 2.039843160775710838e-03 -4.194993722887915832e-01 -1.654108061731994830e-02 9.998473155180165328e-01 5.691748968098014894e-03 -1.310092750749532797e+00 -1.945446086928555481e-03 -5.724689995008034986e-03 9.999817290848486140e-01 7.597606346461755322e+01
9.998359379068936237e-01 1.794541302498386948e-02 2.389541127543512878e-03 -4.250279020773417016e-01 -1.796001307011164949e-02 9.998194040716169573e-01 6.247698212363178571e-03 -1.337281409467327320e+00 -2.276998219273699588e-03 -6.289589627657434651e-03 9.999776580214894128e-01 7.737566957858517469e+01
9.998299287010866676e-01 1.828609990210883912e-02 2.540578892301351231e-03 -4.281180074998046092e-01 -1.830228492576198296e-02 9.998114412066078094e-01 6.517539745920236313e-03 -1.362606001466260652e+00 -2.420911095727237752e-03 -6.562924223166956630e-03 9.999756300923053898e-01 7.877040701783550958e+01
9.998359390790296786e-01 1.795297806192710371e-02 2.412096613357745962e-03 -4.290638966979759550e-01 -1.796712634861745081e-02 9.998204042135429015e-01 5.967993046924391885e-03 -1.383676937255143624e+00 -2.304522824302820266e-03 -6.010368902005538277e-03 9.999796567074272780e-01 8.016282528038973965e+01
9.998449660383704751e-01 1.749952090627760609e-02 1.851906650898418666e-03 -4.303200938830241129e-01 -1.750989816143452490e-02 9.998302964848018171e-01 5.727337076378520575e-03 -1.408443836444725150e+00 -1.751365443180805592e-03 -5.758873378463882919e-03 9.999817374768277256e-01 8.155300464571487851e+01
9.998499789094961177e-01 1.723476586493895638e-02 1.547213098365514058e-03 -4.339511788509272106e-01 -1.724355715322548749e-02 9.998342425289141744e-01 5.819461485864770023e-03 -1.433353456958351479e+00 -1.446658942673222223e-03 -5.845271416734207012e-03 9.999817785615897625e-01 8.293556132033347694e+01
9.998540023353768014e-01 1.706815558466990429e-02 1.036727105412146551e-03 -4.382405540905258134e-01 -1.707394685939656043e-02 9.998371538972816719e-01 5.778286998809507857e-03 -1.461015041412677240e+00 -9.379339245049017311e-04 -5.795145972367634138e-03 9.999828437673413672e-01 8.431500874006388813e+01
9.998530292148657406e-01 1.716220861115539537e-02 5.006119875123797927e-04 -4.455874911969549546e-01 -1.716496162916324869e-02 9.998340629368474008e-01 6.018426653081250868e-03 -1.486193609966063534e+00 -3.972405634565416089e-04 -6.026143594721722688e-03 9.999819078482867774e-01 8.569355939010713996e+01
9.998540909050100955e-01 1.706397668884759161e-02 -5.966021140952435658e-04 -4.541891372152942474e-01 -1.705961604255321062e-02 9.998328690132710639e-01 6.561760709375194685e-03 -1.512809409333381927e+00 7.084720205287162349e-04 -6.550617892010579014e-03 9.999780400817188664e-01 8.707208953750395608e+01
9.998641984896620150e-01 1.635501387254259531e-02 -2.000377266010367611e-03 -4.587635402798554418e-01 -1.633850748612766801e-02 9.998346068622145921e-01 7.989300965064940682e-03 -1.535681892895774059e+00 2.130709083953204359e-03 -7.955533084492909940e-03 9.999661946481236408e-01 8.844949683993667122e+01
9.998792937840235151e-01 1.523502624370978720e-02 -2.969293415029931014e-03 -4.650991301098093555e-01 -1.520729019173166184e-02 9.998424262470763102e-01 9.141522500991483557e-03 -1.558587184197457010e+00 3.108091963766747290e-03 -9.095281118110752280e-03 9.999542799689000727e-01 8.982201409654582847e+01
9.998993887774189071e-01 1.360193311766653111e-02 -4.014861725834064504e-03 -4.751396944542832235e-01 -1.356208217759715881e-02 9.998602637581212038e-01 9.788084982661740888e-03 -1.578796159770015306e+00 4.147432453704978476e-03 -9.732656187923295968e-03 9.999443474644600371e-01 9.119308180686522292e+01
9.999154273614577759e-01 1.220154777741635013e-02 -4.514652836726204023e-03 -4.846008992474409860e-01 -1.215619501038598185e-02 9.998772189873970095e-01 9.929156679501761895e-03 -1.600649858226060651e+00 4.635245302795728238e-03 -9.873431045979295245e-03 9.999403536511451973e-01 9.255886039285914535e+01
9.999264710177919735e-01 1.097874034668653784e-02 -5.239601124694561948e-03 -4.966677575732506567e-01 -1.092712329841934171e-02 9.998921540438733269e-01 9.778685361739009041e-03 -1.621017089744780648e+00 5.346392961939139613e-03 -9.720706315837181893e-03 9.999383749383345954e-01 9.392047043486734026e+01
9.999314567013771748e-01 1.043314103277063858e-02 -5.363832527555693376e-03 -5.100694979544314611e-01 -1.038267403991597650e-02 9.999021763466009460e-01 9.359271535542302081e-03 -1.637339973478044941e+00 5.460949789058072885e-03 -9.302922692878133268e-03 9.999413669520219594e-01 9.527741943313370143e+01
9.999344483629918345e-01 1.001782426108717254e-02 -5.528055668742076073e-03 -5.217724177684739395e-01 -9.967891904944525122e-03 9.999101864280487417e-01 8.985710938997805777e-03 -1.657329660743681599e+00 5.617572724867514466e-03 -8.930018261752006858e-03 9.999443652089592405e-01 9.663263921400526613e+01
9.999334056741980836e-01 1.028657106104069983e-02 -5.304114433273278764e-03 -5.370911437721375137e-01 -1.024169589332098694e-02 9.999122333256457162e-01 8.423897086152192654e-03 -1.680131845870112661e+00 5.390294793448779237e-03 -8.369012578451229950e-03 9.999503610001562182e-01 9.798414712727650056e+01
9.999293847436495630e-01 1.091396470304897663e-02 -4.755609049175084195e-03 -5.537675722436611325e-01 -1.087223241422470912e-02 9.999032758764097029e-01 8.719445846564284966e-03 -1.695600728918792433e+00 4.850301121558968191e-03 -8.667118185867692462e-03 9.999503393799406004e-01 9.933125473094342794e+01
9.999224400421996561e-01 1.157686844248421131e-02 -4.616232521883975766e-03 -5.675211534294739568e-01 -1.152971976001517310e-02 9.998822170956139788e-01 1.011253967612126860e-02 -1.716614752405179800e+00 4.732765528493567374e-03 -1.005850109268061066e-02 9.999383428621863024e-01 1.006799612714722372e+02
9.999134945390234508e-01 1.239408832984028111e-02 -4.455460880678432586e-03 -5.819035573322614008e-01 -1.234188499379987314e-02 9.998571591416425264e-01 1.154670989073977930e-02 -1.733111263383259937e+00 4.597933597191281897e-03 -1.149072778111931079e-02 9.999233463193341054e-01 1.020187970416007772e+02
9.999085085760867075e-01 1.268020674488885835e-02 -4.630250701481567963e-03 -5.954222767285353157e-01 -1.262638615383994065e-02 9.998541204115143355e-01 1.146953632534303789e-02 -1.748018860791229034e+00 4.775008410878904541e-03 -1.141001695244246023e-02 9.999233710123989205e-01 1.033577368618455239e+02
9.999074251776457478e-01 1.279008015379914931e-02 -4.534081157583687120e-03 -6.095799130272163691e-01 -1.274522274487557318e-02 9.998712010707694331e-01 9.790254766246852397e-03 -1.764029758502454470e+00 4.658712865525581510e-03 -9.731552641997607070e-03 9.999413737515847611e-01 1.046917603322590224e+02
9.999133540949219912e-01 1.241848224405359309e-02 -4.400918993353706773e-03 -6.195162410467415226e-01 -1.238109990454431056e-02 9.998882886617643795e-01 8.424636000471042580e-03 -1.780715836606297175e+00 4.505053091439020600e-03 -8.369406626996971077e-03 9.999543572433137184e-01 1.060227573332473554e+02
9.999283545480960322e-01 1.113797962257562744e-02 -4.326797807832141740e-03 -6.304055792340393927e-01 -1.110009165463542342e-02 9.999003330011694279e-01 8.676096783096521117e-03 -1.801524350486173098e+00 4.422996629669805231e-03 -8.627455675451209741e-03 9.999533124507344883e-01 1.073526306809302469e+02
9.999513647394302485e-01 9.109526437170469698e-03 -3.851733479764205773e-03 -6.367183442907732305e-01 -9.070240580570055819e-03 9.999074168964184883e-01 1.010122558004292702e-02 -1.815910332489886425e+00 3.943393465755957138e-03 -1.006576373097977685e-02 9.999412183641512852e-01 1.086814740800634098e+02
9.999703384161765518e-01 7.052690469201960619e-03 -3.203916440457537859e-03 -6.461232139008590281e-01 -7.016054473644263434e-03 9.999115295784962720e-01 1.130423315966414856e-02 -1.833497345052752303e+00 3.283358411498880219e-03 -1.128136865322437211e-02 9.999311320053273500e-01 1.100133067448114872e+02
9.999822535283284797e-01 5.382042430752626352e-03 -2.435486971398837831e-03 -6.515641358635614333e-01 -5.354716117587525470e-03 9.999236757549998522e-01 1.109376727084541991e-02 -1.849491590892628379e+00 2.495005240464216040e-03 -1.108052121749183473e-02 9.999350707166716479e-01 1.113422312592834658e+02
9.999831092811727329e-01 5.604741686249473803e-03 -1.211055363225911749e-03 -6.587284487690152623e-01 -5.594329180116765568e-03 9.999488602094778189e-01 8.428483051112923424e-03 -1.860465643608778086e+00 1.258234410994902609e-03 -8.421566148513737887e-03 9.999640305093493442e-01 1.126583325768390722e+02
9.999439997686496717e-01 -1.052997338105575269e-02 -6.679632313865266260e-04 -6.635941120077150090e-01 1.053097858342572773e-02 9.999430399249540358e-01 1.645188311022961628e-03 -2.104237388841243117e+00 6.506009310245565880e-04 -1.652120776835465724e-03 9.999979603063967604e-01 1.139729921837433579e+02
9.998149671287576146e-01 -1.920059835092020883e-02 6.096661442672288329e-04 -6.768609486787559026e-01 1.919919019211724712e-02 9.998129168006234524e-01 2.314952430876397824e-03 -2.192949600598709470e+00 -6.540005366431926245e-04 -2.302816620245141770e-03 9.999971160706192519e-01 1.152933393757405440e+02
9.997798601782695860e-01 -2.088935223530573315e-02 1.932829610026685907e-03 -6.781154557540274297e-01 2.087868007306739604e-02 9.997677814598988633e-01 5.357778329424833438e-03 -2.150244758756781227e+00 -2.044298235573064042e-03 -5.316244381493977385e-03 9.999833583618313870e-01 1.166344928314218095e+02
9.998327433677247633e-01 -1.803497128079196293e-02 3.094757556593745983e-03 -6.799353357291911815e-01 1.801120186650337351e-02 9.998097795310985081e-01 7.541187999888354816e-03 -2.159281739086810870e+00 -3.230173423663358981e-03 -7.484174779663030873e-03 9.999664771011766984e-01 1.179693227548161474e+02
9.998566616618788094e-01 -1.649369812142361530e-02 3.883934937381224202e-03 -6.807214611838867668e-01 1.646007201325651315e-02 9.998278019442438103e-01 8.551745977369584056e-03 -2.177744021020172394e+00 -4.024319519291559566e-03 -8.486590369250032045e-03 9.999555363938774644e-01 1.193051560024708522e+02
9.998646030054556544e-01 -1.578514911197323456e-02 4.617205859395099449e-03 -6.795156104935928809e-01 1.574414278427556033e-02 9.998377993932583419e-01 8.791443699377458204e-03 -2.192476917624644361e+00 -4.755225603205784878e-03 -8.717547990149940307e-03 9.999505976012861286e-01 1.206380609418942527e+02
9.998745272878410972e-01 -1.465966169081077408e-02 5.982872853900685593e-03 -6.808844037977206387e-01 1.460850496870143289e-02 9.998567774183335644e-01 8.497461950101111924e-03 -2.208798547236547893e+00 -6.106582535412937232e-03 -8.408991975349373524e-03 9.999456952938251542e-01 1.219599782158869630e+02
9.998895054928612636e-01 -1.310522564894280560e-02 6.947465696658023694e-03 -6.813482273996509520e-01 1.305021402073349053e-02 9.998837875064972014e-01 7.907686487353387389e-03 -2.227568154978979642e+00 -7.050283975337509612e-03 -7.816150003613466304e-03 9.999447070006414195e-01 1.232858995635482415e+02
9.998934613981237396e-01 -1.198767793671036419e-02 8.368012065629556670e-03 -6.805657652861040185e-01 1.192638406331801570e-02 9.999017743996566621e-01 7.336843945393470984e-03 -2.246795080033549219e+00 -8.455143705345389768e-03 -7.236261362133722223e-03 9.999377642022194701e-01 1.246088090086532389e+02
9.998914376392485925e-01 -1.138259216896198370e-02 9.323695815003592291e-03 -6.777217387425056305e-01 1.131793201258689263e-02 9.999117616824725330e-01 6.959452039827260933e-03 -2.258202530062590085e+00 -9.402079415898928830e-03 -6.853182617918542920e-03 9.999328006782789435e-01 1.259407691030195195e+02
9.998854093989907321e-01 -1.116334883333309699e-02 1.021818025611260540e-02 -6.728626918076462404e-01 1.109502347373368669e-02 9.999157356225496507e-01 6.718670080379351116e-03 -2.277324038046581567e+00 -1.029231938648106012e-02 -6.604530688958169977e-03 9.999248549784597317e-01 1.272756649973589447e+02
9.998812728864155952e-01 -1.064517896819019635e-02 1.117314457664161757e-02 -6.654591156430805787e-01 1.056034905989497105e-02 9.999148361412705244e-01 7.619140052835553581e-03 -2.299130799675035419e+00 -1.125327647934121211e-02 -7.500248267627202675e-03 9.999088909723141683e-01 1.286124730993776666e+02
9.998711197312301069e-01 -1.089585924189984123e-02 1.179541847837058816e-02 -6.560640237884131087e-01 1.079292047928483156e-02 9.999039148050830050e-01 8.750608164437661401e-03 -2.315070209876926466e+00 -1.188961112857503562e-02 -8.622168101799210921e-03 9.998919654636867493e-01 1.299523135132551772e+02
9.998629866810053723e-01 -1.101379797216434087e-02 1.238547787670445273e-02 -6.421968094511887326e-01 1.089500652519817016e-02 9.998939874012567897e-01 9.613744096607382272e-03 -2.335458516895343450e+00 -1.249002871519603805e-02 -9.477491084523045894e-03 9.998770259177377495e-01 1.312911359011445427e+02
9.998539056279697190e-01 -1.189707622920914594e-02 1.227963176525288108e-02 -6.294748145400078654e-01 1.176927476602226269e-02 9.998759895732998171e-01 1.043313165590124131e-02 -2.352192315665988964e+00 -1.240226645499279898e-02 -1.028708741933206591e-02 9.998701047987305079e-01 1.326339982204923444e+02
9.998338532252771804e-01 -1.368317395566539738e-02 1.203323308082573408e-02 -6.191457314947932389e-01 1.355042782684474922e-02 9.998468933098191291e-01 1.104909630609356153e-02 -2.360916620617276696e+00 -1.218253593680176244e-02 -1.088419590430115234e-02 9.998662534649034317e-01 1.339769335956925715e+02
9.998138581104458744e-01 -1.544983856861875671e-02 1.158264650506811433e-02 -6.071097389867509131e-01 1.531903677788122586e-02 9.998187712958532813e-01 1.130396227215115304e-02 -2.372166404913075954e+00 -1.175519511076100754e-02 -1.112442290636229091e-02 9.998693705937008458e-01 1.353178745245899677e+02
9.998119465889729884e-01 -1.628874405601707376e-02 1.048103049095757897e-02 -5.959735332717752687e-01 1.616941916287657766e-02 9.998047345500159500e-01 1.136427356802744565e-02 -2.391074397345882563e+00 -1.066404762320854321e-02 -1.119271507433839546e-02 9.998803188610110304e-01 1.366597806014264620e+02
9.998000144658735211e-01 -1.760952158763495062e-02 9.460867790140048417e-03 -5.858106236473799022e-01 1.749961955561247368e-02 9.997796837641561574e-01 1.157894063569426743e-02 -2.398357001636742591e+00 -9.662687423168581438e-03 -1.141111028654031266e-02 9.998883017699704556e-01 1.380007604795224836e+02
9.997861203610262093e-01 -1.903368663518771250e-02 8.139033260417373808e-03 -5.772292254839024306e-01 1.893790316501212795e-02 9.997526485687975306e-01 1.169206127832918968e-02 -2.405186512887064865e+00 -8.359568013282863905e-03 -1.153541919452325502e-02 9.998982310701761689e-01 1.393487539183713864e+02
9.997702299843236329e-01 -2.027365603023099233e-02 6.961217127070869030e-03 -5.693669537320090734e-01 2.019212728077076149e-02 9.997286282994691797e-01 1.159512239051245334e-02 -2.414022777012850174e+00 -7.194402118474521775e-03 -1.145187421950179078e-02 9.999081417162068997e-01 1.406897430653579306e+02
9.997653634450270888e-01 -2.092167180742634039e-02 5.574745587665812588e-03 -5.681108846686256930e-01 2.085684887482466485e-02 9.997166669937336270e-01 1.142713367705351646e-02 -2.426794708021824842e+00 -5.812240734230656944e-03 -1.130818866748675190e-02 9.999189695612391571e-01 1.420337130387191564e+02
9.997674812930309463e-01 -2.111239975845092057e-02 4.311677549379138406e-03 -5.701896078317593153e-01 2.106219398648239566e-02 9.997137321141186250e-01 1.137616855432746141e-02 -2.440338854976014549e+00 -4.550618629756386993e-03 -1.128276133732203888e-02 9.999257865928503630e-01 1.433816697826250106e+02
9.997476151819355561e-01 -2.220126174124199825e-02 3.498266041543257859e-03 -5.660556427267121604e-01 2.216628669485822337e-02 9.997067036458402445e-01 9.732830409267001839e-03 -2.458682892912802398e+00 -3.713326173690266897e-03 -9.652836214773606593e-03 9.999466811722240722e-01 1.447276782553688292e+02
9.996566970486874260e-01 -2.602459421873427881e-02 2.908886089412697148e-03 -5.647717016855667849e-01 2.599980675352873277e-02 9.996276281994384005e-01 8.279225371828170116e-03 -2.473939122101211474e+00 -3.123263614768293818e-03 -8.200766498120532627e-03 9.999616747518741411e-01 1.460776953752119027e+02
9.995377324697967136e-01 -3.035800741834333155e-02 1.923601476472195509e-03 -5.524704737545002020e-01 3.034035156443295675e-02 9.995026824845045788e-01 8.627566890589822082e-03 -2.486312617522442370e+00 -2.184565251926893700e-03 -8.565211325339485912e-03 9.999605850456988465e-01 1.474286260265602095e+02
9.993658118658781397e-01 -3.560216913100927583e-02 1.867307898051228016e-04 -5.372594521960141201e-01 3.559879037109368871e-02 9.993219199403471364e-01 9.455688761743659757e-03 -2.500310850153939946e+00 -5.232467625894692172e-04 -9.443033072891045612e-03 9.999552681937747822e-01 1.487805222424180727e+02
9.991778981307884999e-01 -4.053395102637086939e-02 -1.122989089873529644e-03 -5.329021430862322939e-01 4.054205531948445324e-02 9.991411868848460998e-01 8.593942909344523540e-03 -2.516654545207036353e+00 7.736773857771120366e-04 -8.632400156906271105e-03 9.999629149843654030e-01 1.501265003442650254e+02
9.991729082860023592e-01 -4.066716747789438091e-02 -5.985306770046303114e-04 -5.342696542441084384e-01 4.066988687741072972e-02 9.991560886156175547e-01 5.791383663241420759e-03 -2.540637295343906921e+00 3.625056317173655377e-04 -5.810937226553445668e-03 9.999830030983801743e-01 1.514555219676791182e+02
9.992569216875454297e-01 -3.853740030133782912e-02 1.083117564979660906e-04 -5.455351312974616729e-01 3.853666935018507794e-02 9.992499246286677961e-01 3.883146857910989291e-03 -2.554200524485182200e+00 -2.578773244076225076e-04 -3.876074109469806669e-03 9.999921536837867997e-01 1.527915678808173254e+02
9.993249105983288416e-01 -3.672009200068591939e-02 1.185041642322861525e-03 -5.482694241920056388e-01 3.671609425864555409e-02 9.993206747049975247e-01 3.219243840268150303e-03 -2.575081509283136505e+00 -1.302447116383301847e-03 -3.173567530360263053e-03 9.999944146966733838e-01 1.541254810321215984e+02
9.992678022669142512e-01 -3.823861710739159120e-02 1.590452845698358143e-03 -5.527270792875980110e-01 3.822814586253711622e-02 9.992495885532437505e-01 6.160684644656332261e-03 -2.601683305947795066e+00 -1.824840564754173864e-03 -6.095378394411496772e-03 9.999796091798419662e-01 1.554851517688524609e+02
9.991916721537199564e-01 -4.014600926148315096e-02 2.009481001405154666e-03 -5.464933658881522271e-01 4.012661992697955093e-02 9.991545003005644077e-01 8.914428776245080649e-03 -2.628315496663465201e+00 -2.365663131579826082e-03 -8.826587812083248191e-03 9.999578275457154941e-01 1.568368259103399396e+02
9.990855663126411157e-01 -4.269432185502376742e-02 2.231377341823683174e-03 -5.377753180971603930e-01 4.266789250730226857e-02 9.990304326137606772e-01 1.080514493935173792e-02 -2.648791263719123101e+00 -2.690530446425551045e-03 -1.070010322418722855e-02 9.999390010735981216e-01 1.581825947616781320e+02
9.989815503019952025e-01 -4.507071060548945018e-02 2.036083651291213832e-03 -5.302838089485950590e-01 4.504503220572912692e-02 9.989214367176105780e-01 1.125852614962973529e-02 -2.663613539665291796e+00 -2.541311161896710104e-03 -1.115532589550183480e-02 9.999350129803941112e-01 1.595304946063353100e+02
9.990614364368626266e-01 -4.320725874475101619e-02 3.044780527669040376e-03 -5.370913975659646900e-01 4.316797901017906114e-02 9.989962672560623869e-01 1.196132764646729366e-02 -2.669162034447955190e+00 -3.558545637632075809e-03 -1.181871491257854324e-02 9.999242963070750223e-01 1.608754401850279407e+02
9.991534101087393704e-01 -4.095412777691528200e-02 4.024349053988993813e-03 -5.367697666014388247e-01 4.090770760151867663e-02 9.991021016363140772e-01 1.100579055152927505e-02 -2.677423641052876668e+00 -4.471472880827252923e-03 -1.083188800317560520e-02 9.999314882549462657e-01 1.622354627223905084e+02
9.992364259596101528e-01 -3.874518524211328224e-02 4.980062902696101405e-03 -5.377080083339415006e-01 3.869612754289330353e-02 9.992049361469196311e-01 9.595024685422627250e-03 -2.689032894874129997e+00 -5.347863017773688346e-03 -9.394993100096088456e-03 9.999416378934704586e-01 1.635864880007333682e+02
9.993164536092137284e-01 -3.652125152354133986e-02 5.732393613160884603e-03 -5.365095242299973144e-01 3.647197570368305997e-02 9.992988328463699998e-01 8.470102412740529441e-03 -2.701387007024604436e+00 -6.037715192483625315e-03 -8.255238132683133390e-03 9.999477135444164722e-01 1.649374913591807115e+02
9.993934224053061532e-01 -3.436124361851822934e-02 5.630799061421542899e-03 -5.359849306083956932e-01 3.430850326476161255e-02 9.993689807677429426e-01 9.212797688673220881e-03 -2.716579791628555007e+00 -5.943806018695117765e-03 -9.014022957651642021e-03 9.999415968269509403e-01 1.662893737572138946e+02
9.994453699202602293e-01 -3.277404822892677344e-02 5.870508255291572580e-03 -5.326239234823233470e-01 3.271517543273854550e-02 9.994160422627644813e-01 9.860295310435054222e-03 -2.735032783469756090e+00 -6.190236676435319219e-03 -9.662774795338190115e-03 9.999345878169751956e-01 1.676392331775001026e+02
9.995655598406841813e-01 -2.896326049726726665e-02 5.382567903541891907e-03 -5.299426289162189052e-01 2.892189609755982382e-02 9.995521795576625124e-01 7.619311998576626041e-03 -2.765512417839170123e+00 -5.600833031945155228e-03 -7.460333908551766355e-03 9.999562606016532129e-01 1.690121854436381454e+02
9.996637282457413454e-01 -2.545078356385072071e-02 4.944175463790501969e-03 -5.292114119152667717e-01 2.542508286928179401e-02 9.996632806924254933e-01 5.202186709577364017e-03 -2.794821153939857528e+00 -5.074916793831305006e-03 -5.074730731969665821e-03 9.999739910618331562e-01 1.703831552745556621e+02
9.997558233794996418e-01 -2.164168442856536506e-02 4.359077871052855109e-03 -5.353546133885428437e-01 2.162487047552180686e-02 9.997584431575121666e-01 3.866959445083334879e-03 -2.816382423440988880e+00 -4.441714208635274240e-03 -3.771754601105088440e-03 9.999827334629882714e-01 1.717471216247350014e+02
9.998157664585320958e-01 -1.863080108580151412e-02 4.660668009277744127e-03 -5.382450644061134160e-01 1.860748972290403314e-02 9.998145537393894333e-01 5.001852985328384196e-03 -2.824747228462074489e+00 -4.752996545624128995e-03 -4.914212377729638634e-03 9.999766798020782721e-01 1.731260291733931354e+02
9.998576142750961182e-01 -1.592284511973228803e-02 5.525543256913425377e-03 -5.440382955892049122e-01 1.588204501698551457e-02 9.998466901258776796e-01 7.338112275813411106e-03 -2.839423284986866136e+00 -5.641537817709769975e-03 -7.249306823124267163e-03 9.999576955990262528e-01 1.744908144594691635e+02
9.998695333534767249e-01 -1.529155197927683021e-02 5.173521574375762599e-03 -5.474978595980902751e-01 1.524222358953133613e-02 9.998388226286450964e-01 9.434934747007265796e-03 -2.849836741628340331e+00 -5.316964624044686130e-03 -9.354847463900209381e-03 9.999416440178783283e-01 1.758636576328710532e+02
9.998635617388866859e-01 -1.595756542432312172e-02 4.322420050499507782e-03 -5.479498596042970959e-01 1.591277324100964785e-02 9.998208571702287273e-01 1.021002459110298584e-02 -2.868080590319441292e+00 -4.484577713453320735e-03 -1.013988385009440343e-02 9.999385810908845151e-01 1.772425270368594283e+02
