1.000000000000000000e+00 0.000000000000000000e+00 -5.421010862427522170e-20 -7.589415207398531038e-19 0.000000000000000000e+00 1.000000000000000000e+00 1.525506338004994911e-18 6.938893903907228378e-18 0.000000000000000000e+00 -3.557538378468061424e-19 1.000000000000000000e+00 0.000000000000000000e+00
9.999589554928057789e-01 -2.380335499253167370e-03 8.728098823092916847e-03 9.613368362459257660e-03 2.375228956066692890e-03 9.999968961248377752e-01 5.952131114017766194e-04 -2.214470911813683218e-03 -8.729488298150497871e-03 -5.744650316579988369e-04 9.999621483823565304e-01 2.349888979118474608e-01
9.998749896554811611e-01 -4.602711434347603672e-03 1.514386390287382131e-02 1.942001387523477340e-02 4.602400801077301262e-03 9.999895130765114049e-01 5.540633322583529626e-05 -1.467403839523003656e-02 -1.514400421450364832e-02 1.429847572277896390e-05 9.998854972680073505e-01 5.200215286812225335e-01
9.998280436278867978e-01 -6.583974317565811571e-03 1.733658796290339643e-02 2.905027809115905829e-02 6.590494919497608822e-03 9.999781406474150813e-01 -3.192778871857705671e-04 -2.777377069080129435e-02 -1.733411235198820469e-02 4.334757129056765555e-04 9.998498157246981100e-01 8.230286725202973219e-01
9.998492139997571249e-01 -7.851997306023129897e-03 1.551631016975693438e-02 3.870439588984111307e-02 7.878688487291478013e-03 9.999679165605005471e-01 -1.659816228396640515e-03 -2.593261807053865581e-02 -1.550281514130142854e-02 1.781832578999279632e-03 9.998778694397424394e-01 1.123795119160517331e+00
9.999182687799926805e-01 -9.651813252557201253e-03 8.429986333437288620e-03 3.520632212278840961e-02 9.683172786969916623e-03 9.999461594812182330e-01 -3.688047044579530892e-03 -2.836636127169588073e-02 -8.393934928442084095e-03 3.769380610367642839e-03 9.999575717387889640e-01 1.436696300841672880e+00
9.999378835410739352e-01 -1.050149979649809065e-02 -3.796045966591287107e-03 3.004594832702771681e-02 1.048417529346997064e-02 9.999344234466003289e-01 -4.562008868514841851e-03 -3.894518490098926311e-02 3.843703424113603141e-03 4.521918462147752130e-03 9.999826930123255631e-01 1.755165416084817576e+00
9.997653277257693150e-01 -1.043835179335456283e-02 -1.897106890756617217e-02 6.971577999647638607e-03 1.035365694121362368e-02 9.999361228834817705e-01 -4.556674350803481023e-03 -4.632062461027126182e-02 1.901738602143724505e-02 4.359189447533416001e-03 9.998095493907487308e-01 2.088231341474342084e+00
9.992586866665560397e-01 -9.690146200490109066e-03 -3.726849031790852029e-02 -2.587411880361432590e-02 9.530520248273128409e-03 9.999449500371657695e-01 -4.458447751404920854e-03 -4.909345011137136727e-02 3.730959624691015941e-02 4.099962664872664267e-03 9.992953632962781052e-01 2.435767005483622238e+00
9.983667995458753719e-01 -7.215937843903324350e-03 -5.667571243905170780e-02 -6.546796780630259605e-02 6.954378183986695446e-03 9.999641962133856143e-01 -4.810950597024302861e-03 -5.414246004206023366e-02 5.670840039872870192e-02 4.408948081969129608e-03 9.983810042407389451e-01 2.785597239685734028e+00
9.970537644434990243e-01 -5.763430278012531341e-03 -7.648878135384833132e-02 -1.107496643631324107e-01 5.384749944118884073e-03 9.999724794355642210e-01 -5.156166148635141742e-03 -5.891523431147915185e-02 7.651635421167719830e-02 4.729110380869785274e-03 9.970567561209365826e-01 3.139547573205502928e+00
9.951979114011139105e-01 -6.012986191176057302e-03 -9.769507406722979792e-02 -1.615378400447956275e-01 5.543650860473409332e-03 9.999714307588599693e-01 -5.074827284752840735e-03 -7.032275818079281038e-02 9.772285459734392221e-02 4.508861650324915739e-03 9.952036578400262901e-01 3.529245124534230893e+00
9.930246240481667153e-01 -6.278987546221395134e-03 -1.177417808329821319e-01 -2.209612426122403162e-01 5.791767031883512939e-03 9.999728913264616104e-01 -4.479654890877885799e-03 -8.225470100608378576e-02 1.177666908781390825e-01 3.766470408809451630e-03 9.930344846253718050e-01 3.909946901761304883e+00
9.907497215846714500e-01 -6.408908026975454475e-03 -1.355511820909676979e-01 -2.906972557040288785e-01 5.952338908799576986e-03 9.999748372512466954e-01 -3.773234611023094411e-03 -8.763844817760285677e-02 1.355720104358774103e-01 2.931471710003398685e-03 9.907634411640818817e-01 4.295148881682361974e+00
9.884579287840264961e-01 -5.712722465413232198e-03 -1.513879880462881133e-01 -3.751508256206486092e-01 5.300718623236177346e-03 9.999807237708088214e-01 -3.124900230794762975e-03 -8.619276532583730610e-02 1.514028913923874398e-01 2.286355871192470926e-03 9.884693474451646811e-01 4.706497401605869157e+00
9.863435851546247246e-01 -5.401684682831691710e-03 -1.646141875426150314e-01 -4.602895275255980412e-01 4.964350111090580497e-03 9.999833251159124803e-01 -3.068026508972160164e-03 -9.235926733124960597e-02 1.646274917600161480e-01 2.208936420106347165e-03 9.863530897294627842e-01 5.123944427962944914e+00
9.841513436302038453e-01 -5.645584911377888454e-03 -1.772408351615212263e-01 -5.480401460831456628e-01 5.072019263816391135e-03 9.999803916727985076e-01 -3.689024250230597043e-03 -1.030929858931568244e-01 1.772581051509564687e-01 2.731598063107398659e-03 9.841602646969977997e-01 5.560444525551016426e+00
9.821889545820793321e-01 -6.552062448727157852e-03 -1.877836562107895180e-01 -6.356941425366908760e-01 5.573915219532037113e-03 9.999682700725281981e-01 -5.736488850102892251e-03 -1.208130103558059387e-01 1.878152294204500639e-01 4.587622938956542260e-03 9.821937753453922060e-01 5.998960816351418757e+00
9.808253461591156519e-01 -7.301027497584789208e-03 -1.947495237176803395e-01 -7.365069968951201140e-01 6.010196902428441637e-03 9.999561090281496867e-01 -7.218303154865263541e-03 -1.269991470243088671e-01 1.947933874497481399e-01 5.909412045005058012e-03 9.808265448127344577e-01 6.464059197691673475e+00
9.792862912378539342e-01 -7.538371266501504332e-03 -2.023394830762852425e-01 -8.453476515161432170e-01 5.881164913929662341e-03 9.999437048779485915e-01 -8.790150452478398546e-03 -1.341265255296156533e-01 2.023940043569290304e-01 7.418120273450141272e-03 9.792760038841973325e-01 6.936548588674882332e+00
9.776504631461400141e-01 -7.651142451824826350e-03 -2.100997145326133353e-01 -9.526176413666014309e-01 5.408633995309538277e-03 9.999217395489534699e-01 -1.124611239213226845e-02 -1.452950612305828615e-01 2.101686745229399134e-01 9.858353339808742163e-03 9.776157973049065530e-01 7.415900605556648095e+00
9.758094061545047326e-01 -8.312134137531481531e-03 -2.184636743254786406e-01 -1.064292440004495299e+00 5.457124372499129461e-03 9.998918770256813859e-01 -1.366872793903886260e-02 -1.586433318271252835e-01 2.185538894118045639e-01 1.214588351879721841e-02 9.757497168198139281e-01 7.906637795114911604e+00
9.739614840966634990e-01 -1.084145547643288778e-02 -2.264544206647819968e-01 -1.178250936540453875e+00 7.636785265436945094e-03 9.998582218299923996e-01 -1.502265949340215838e-02 -1.837057997342245452e-01 2.265850790323730712e-01 1.290203300282623256e-02 9.739062940733439477e-01 8.417389209138693928e+00
9.720462562028610032e-01 -1.347188258804200671e-02 -2.344048315124939719e-01 -1.304446410700655257e+00 9.879709963747587351e-03 9.998153001097059844e-01 -1.649246628978208451e-02 -2.070391178303873092e-01 2.345831853102034181e-01 1.371558611168125982e-02 9.719994436874327404e-01 8.935662938101003760e+00
9.698961415674797193e-01 -1.172100760990233900e-02 -2.432358194913537830e-01 -1.463883248394059811e+00 7.017953755091599008e-03 9.997712030843851627e-01 -2.019272004440080676e-02 -2.024468648630311784e-01 2.434175544795205426e-01 1.787779125189940810e-02 9.697566553481349327e-01 9.477990822446026087e+00
9.678191385158103621e-01 -1.008666702084953272e-02 -2.514443993919352471e-01 -1.620171046614105492e+00 4.410926420422610697e-03 9.997229829240478205e-01 -2.312581514925226428e-02 -2.195498251769671949e-01 2.516085263678315975e-01 2.127251438894064636e-02 9.675958785601418422e-01 1.001958412221509498e+01
9.655076016582301301e-01 -1.034271793110410481e-02 -2.601689650908996509e-01 -1.777756115812209048e+00 3.875530464412086339e-03 9.996708618006828750e-01 -2.535819232961057310e-02 -2.422490687755330940e-01 2.603458271086634412e-01 2.347523399583735168e-02 9.652305365410871474e-01 1.057253851830160585e+01
9.631027863717853688e-01 -1.151634683645968819e-02 -2.688867616278243777e-01 -1.936832670295265624e+00 4.470311683290671689e-03 9.996310377480360776e-01 -2.680228494122339697e-02 -2.693330491868827226e-01 2.690956593621392501e-01 2.461132592525708609e-02 9.627991758801786037e-01 1.113508362251640094e+01
9.609692573185184550e-01 -1.251150271215292417e-02 -2.763718228751433914e-01 -2.112533214946411775e+00 4.548106669387157359e-03 9.995562455051779649e-01 -2.943636496660875096e-02 -3.012088715675985684e-01 2.766170636342918931e-01 2.703046267572398534e-02 9.605994971763035517e-01 1.171692681879842546e+01
9.585417833775792262e-01 -1.196823297392516500e-02 -2.846990339839373663e-01 -2.296936553318289942e+00 2.728034515487386992e-03 9.994569137744957477e-01 -3.283042364906807453e-02 -3.196878056880475549e-01 2.849378434798979232e-01 3.069275105141140020e-02 9.580543028479248102e-01 1.230634803995013904e+01
9.563606064114499317e-01 -1.189573072555236491e-02 -2.919456171839295289e-01 -2.476764856450412999e+00 9.174178984222959923e-04 9.992885951243256626e-01 -3.771230533945767183e-02 -3.571135560819090893e-01 2.921862858090797377e-01 3.579874439518718199e-02 9.556907984642242226e-01 1.289835229172908271e+01
9.543634037411068416e-01 -1.229879916418410296e-02 -2.983954903110216939e-01 -2.668197596153322415e+00 -6.709434428529559291e-04 9.990609288175902325e-01 -4.332365199117394622e-02 -3.931206854081428226e-01 2.986484614338749677e-01 4.154664917836375926e-02 9.534586674413029206e-01 1.349753720391796818e+01
9.531201722493505279e-01 -1.282660335392685549e-02 -3.023213540050287973e-01 -2.879552202647893910e+00 -2.639873541561817138e-03 9.987108046644882497e-01 -5.069502396066823818e-02 -4.211435847401197585e-01 3.025814652278154271e-01 4.911655747052840609e-02 9.518570230861612691e-01 1.411804523743977846e+01
9.519415647286001425e-01 -1.242549705822602879e-02 -3.060273761786254654e-01 -3.089947873516147414e+00 -5.828676631540373465e-03 9.982605404642622693e-01 -5.866282140361815667e-02 -4.642751293325808604e-01 3.062242230066112292e-01 5.762736858411326296e-02 9.502138948071375824e-01 1.474728084102572190e+01
9.504984060183706562e-01 -1.211320551838722046e-02 -3.104927826093790699e-01 -3.307984647203044748e+00 -9.117301748516340454e-03 9.977227208992219820e-01 -6.683447361121015728e-02 -5.116493825438941379e-01 3.105950208527147871e-01 6.635691326130559176e-02 9.482228730824072693e-01 1.538210853386928179e+01
9.491861141834184723e-01 -1.159967901549405211e-02 -3.145016217319246965e-01 -3.534122844531230268e+00 -1.249874892671864850e-02 9.971425411422557561e-01 -7.449945237822652722e-02 -5.677980734422737319e-01 3.144675429591765603e-01 7.464467367536663234e-02 9.463293446743258341e-01 1.602737435522351461e+01
9.476030820077413486e-01 -1.092814634613988901e-02 -3.192639169737999660e-01 -3.765723054048887519e+00 -1.575422009490587416e-02 9.965999265131084695e-01 -8.087243680841485483e-02 -6.237809347342082589e-01 3.190627705830917926e-01 8.166469981954431467e-02 9.442089914791503835e-01 1.668231499966218223e+01
9.460815607320091081e-01 -9.023686068793990850e-03 -3.238030861536714822e-01 -4.006575850296982821e+00 -1.980114974097323469e-02 9.961311797422073289e-01 -8.561482363459606282e-02 -6.924364435921139815e-01 3.233230159213199006e-01 8.741025479527100850e-02 9.422432595257833610e-01 1.736063778688266979e+01
9.444822793516571835e-01 -7.402133755892624511e-03 -3.284782821569185440e-01 -4.253125887768610447e+00 -2.353487962000366807e-02 9.956537038789556870e-01 -9.010708278040871488e-02 -7.600878891078673982e-01 3.277179324686386730e-01 9.283522086257252337e-02 9.402030167693870011e-01 1.804183226936284967e+01
9.426884677352838082e-01 -5.818071817366235639e-03 -3.336223051536821305e-01 -4.519028516474002721e+00 -2.692341983074643397e-02 9.952620082162950688e-01 -9.343184649104704920e-02 -8.355485022907437331e-01 3.325846886952349979e-01 9.705938900194631402e-02 9.380655240484211399e-01 1.873388876890795274e+01
9.410007704466715195e-01 -4.748272994912221615e-03 -3.383701935847627240e-01 -4.785767429647909132e+00 -2.929311885532442927e-02 9.950049890137286912e-01 -9.542636368486266674e-02 -9.102708387186132510e-01 3.371330996848831418e-01 9.970862731860964667e-02 9.361622405395997326e-01 1.942972765448776329e+01
9.388044897750854600e-01 -4.543107748753936678e-03 -3.444208787310883424e-01 -5.051973646113064653e+00 -2.963719836918991823e-02 9.951390934494853679e-01 -9.390985845615201777e-02 -9.903605042662426694e-01 3.431730867640611637e-01 9.837046496470581991e-02 9.341064167754291603e-01 2.014217796466041577e+01
9.365282055644915671e-01 -4.488165937920058149e-03 -3.505636933067939887e-01 -5.326302445246098749e+00 -2.995518886101257439e-02 9.952373943208295826e-01 -9.276695552635068343e-02 -1.070635029544680483e+00 3.493100581766904189e-01 9.738008136593200026e-02 9.319334001146787338e-01 2.086341714127074098e+01
9.341173335320643867e-01 -4.500394642581883112e-03 -3.569390994134411521e-01 -5.609553094148630237e+00 -3.003110989493932084e-02 9.953846678500037903e-01 -9.114236960729930892e-02 -1.151899011127129224e+00 3.557014934252512028e-01 9.585686179362323811e-02 9.296709986179316765e-01 2.158630009425418805e+01
9.315247585107827577e-01 -4.300779084264487115e-03 -3.636514169371506400e-01 -5.905342571330738366e+00 -3.003286708365645111e-02 9.956054283309786479e-01 -8.870645213993447187e-02 -1.235458208766873289e+00 3.624352007324050939e-01 9.355376610081231337e-02 9.273018131582387857e-01 2.231170090033490183e+01
9.272650305971489315e-01 -2.441827025138913233e-03 -3.743987604478706266e-01 -6.211581893601638704e+00 -3.095002460291104707e-02 9.960563549747993850e-01 -8.314945211760553512e-02 -1.314289536318920204e+00 3.731248545413011763e-01 8.868923890421191725e-02 9.235326144280516791e-01 2.307563413364310279e+01
9.241173060080947188e-01 -2.595451114260904912e-04 -3.821094472011102305e-01 -6.535745749959473549e+00 -3.195166498300835989e-02 9.964447722966981447e-01 -7.795064281295389919e-02 -1.393490617952380051e+00 3.807711588490718113e-01 8.424448204587618727e-02 9.208239216952071038e-01 2.381946910217091684e+01
9.207603968506493652e-01 2.648349854514528944e-03 -3.901205143267531539e-01 -6.871110945965071437e+00 -3.419074251545529963e-02 9.966772285875153958e-01 -7.393064033397518664e-02 -1.465777260983086583e+00 3.886285209812701535e-01 8.141092281202313985e-02 9.177913745618352381e-01 2.456585638391226212e+01
9.171654567617735232e-01 4.341728744428540072e-03 -3.984823438114623029e-01 -7.211801442537010942e+00 -3.584039185886993967e-02 9.967870511925674970e-01 -7.163121285974367869e-02 -1.531983434157815793e+00 3.968914111927839827e-01 7.997945580395007803e-02 9.143744920456589043e-01 2.531766180528558507e+01
9.129759490728943661e-01 4.713691172916567237e-03 -4.079852657224901646e-01 -7.567055113006746936e+00 -3.698000852143755457e-02 9.967738593485260257e-01 -7.123620116965857785e-02 -1.603620564226187151e+00 4.063336835081513554e-01 8.012422485769704616e-02 9.102051915785794867e-01 2.608711805715650200e+01
9.092732564442397303e-01 4.456948937060264959e-03 -4.161757850432905026e-01 -7.917162483032050169e+00 -3.715067468299436404e-02 9.968204713687706109e-01 -7.049270979677492444e-02 -1.667199240392373882e+00 4.145381603454441066e-01 7.955832392570252876e-02 9.065472721869898276e-01 2.684972552938939572e+01
9.052130259055862771e-01 4.953812322322113590e-03 -4.249283119712057299e-01 -8.289839500373439307e+00 -3.764187913973124355e-02 9.969358067565685655e-01 -6.856515024848097717e-02 -1.733174321246051308e+00 4.232868517985030055e-01 7.806116026238424377e-02 9.026261673378450645e-01 2.763490271197089143e+01
9.011704707655924240e-01 5.329661452643451661e-03 -4.334323162777344862e-01 -8.674051693931387419e+00 -3.780624335588668450e-02 9.970801746616232419e-01 -6.634428645459963803e-02 -1.800321492942142498e+00 4.318127409769240144e-01 7.617390495475324930e-02 8.987403545727844500e-01 2.841826226178847747e+01
8.979620874048649393e-01 5.768466611103984995e-03 -4.400355441370199516e-01 -9.064986280760225057e+00 -3.715583148982505579e-02 9.973379107291411305e-01 -6.274819259429544049e-02 -1.869312388309461115e+00 4.385016228349837841e-01 7.269535361869566836e-02 8.957860018659939971e-01 2.919627264035126757e+01
8.941659519468908579e-01 8.118616262043956353e-03 -4.476632607341008430e-01 -9.477495887214459458e+00 -3.812720103081667505e-02 9.975841903066503535e-01 -5.806389023365373520e-02 -1.926575456902858807e+00 4.461100110489800707e-01 6.898694084598225307e-02 8.923148577464585784e-01 3.000792304947141886e+01
8.904526865308858286e-01 9.174158320182796908e-03 -4.549836846295503001e-01 -9.894671979077550361e+00 -3.757995728314036943e-02 9.978643581005520735e-01 -5.342736438736981480e-02 -1.990541376188934786e+00 4.535224261188652295e-01 6.467276735567510648e-02 8.888959553685620296e-01 3.081350711126302500e+01
8.866063952670335535e-01 8.840307447737325020e-03 -4.624406288333902659e-01 -1.032071608455339629e+01 -3.626681929145338101e-02 9.980673071829001541e-01 -5.045228076414483287e-02 -2.051552866441660683e+00 4.611005518252421775e-01 6.150254855801272347e-02 8.852132975500663914e-01 3.162130647822080576e+01
8.830037637997518729e-01 8.357494419737820923e-03 -4.692923462750000496e-01 -1.077640591556660965e+01 -3.571195671852048226e-02 9.981396746324572300e-01 -4.941890106535536814e-02 -2.113865275302148738e+00 4.680058226194293569e-01 6.039638944527982167e-02 8.816595615677909059e-01 3.244845507280982844e+01
8.800625601535901898e-01 8.308886505268477801e-03 -4.747853196960304389e-01 -1.122619434038516140e+01 -3.529556679708354544e-02 9.982258427341001994e-01 -4.795466427201891535e-02 -2.166751555570219701e+00 4.735444046777271265e-01 5.896090898473782538e-02 8.787945971123098943e-01 3.327093534908124184e+01
8.769903018913556281e-01 7.052882987307452708e-03 -4.804559016781660419e-01 -1.168538863309426290e+01 -3.355816619790383953e-02 9.983497492834570997e-01 -4.659931348071226498e-02 -2.218572305169975056e+00 4.793341801668454805e-01 5.699039200847313275e-02 8.757799488251872821e-01 3.410245797827596448e+01
8.747380183232047468e-01 6.181956754485287350e-03 -4.845576062067272760e-01 -1.215413367333320060e+01 -3.307736750853465524e-02 9.983479500676697427e-01 -4.697540124429970543e-02 -2.276753604227391481e+00 4.834667808686167190e-01 5.711903460251914477e-02 8.734970316091256182e-01 3.495005064101335535e+01
8.730603815606313711e-01 5.849611517435365608e-03 -4.875766519444302838e-01 -1.263868228729261034e+01 -3.281139736351669500e-02 9.983662828584632942e-01 -4.677475639221599646e-02 -2.329610516395497655e+00 4.865064864784565124e-01 5.683529235950054992e-02 8.718263355809051651e-01 3.580383106444747909e+01
8.714243561294865437e-01 5.975155877809787755e-03 -4.904933524282496515e-01 -1.313187831444889575e+01 -3.354337183218540630e-02 9.983112597036655211e-01 -4.743290633550969332e-02 -2.384320365963957578e+00 4.893809602839986339e-01 5.778697882837995070e-02 8.701533841668479541e-01 3.667936846122064765e+01
8.713055879701945283e-01 5.808000588240600122e-03 -4.907057228632256685e-01 -1.362772592941050576e+01 -3.310063573264759862e-02 9.983481610882039003e-01 -4.695763688117259721e-02 -2.443610205860165419e+00 4.896230776763420001e-01 5.715713563860835844e-02 8.700592509416014142e-01 3.754661586854331290e+01
8.708533789091046362e-01 5.548251069522640820e-03 -4.915120321678706494e-01 -1.413939317507651161e+01 -3.212378457113736208e-02 9.984406203874381935e-01 -4.564578226265843253e-02 -2.495810859215959354e+00 4.904920997867892041e-01 5.554005651530270066e-02 8.696740007034569064e-01 3.843058878918520094e+01
8.705307113503825134e-01 4.615662313859592372e-03 -4.920935023965229971e-01 -1.465860284128748425e+01 -3.065725481398578339e-02 9.985227913456812265e-01 -4.486799889332308139e-02 -2.559201121465824791e+00 4.911594287414408622e-01 5.414524274964285788e-02 8.693854973039363276e-01 3.934782407992965858e+01
8.705401416514194635e-01 3.604494354065632469e-03 -4.920842199931855232e-01 -1.517651246235654661e+01 -2.959635351199686043e-02 9.985463141296839762e-01 -4.504432275326758495e-02 -2.619150533741970488e+00 4.912060935574477094e-01 5.377681742752035698e-02 8.693815442188966847e-01 4.026011680724949571e+01
8.690683330768808057e-01 1.776929274105565511e-03 -4.946889711542766244e-01 -1.570228040022019478e+01 -2.798625107211092852e-02 9.985684113407048423e-01 -4.557930357201084304e-02 -2.682791700697888970e+00 4.938991595707258875e-01 5.345600145801697456e-02 8.678742555824142668e-01 4.116508146981412608e+01
8.678666045614128466e-01 7.309909294224434598e-04 -4.967972628368729215e-01 -1.622862348784887132e+01 -2.640696584993405469e-02 9.986529929139702499e-01 -4.466154848537864236e-02 -2.742395559101050484e+00 4.960958726514708150e-01 5.187916092913774646e-02 8.667164025246169023e-01 4.208070104563242353e+01
8.654855576186389898e-01 1.084004531859895926e-03 -5.009326477506602648e-01 -1.676402499539406321e+01 -2.514073711879846046e-02 9.988314578605653749e-01 -4.127528793060236678e-02 -2.792981438979875275e+00 5.003023842229159523e-01 4.831702503150167582e-02 8.645009845207956012e-01 4.300759217146610780e+01
8.631099396219608089e-01 1.669314419512428135e-03 -5.050142702595655786e-01 -1.731545301444058893e+01 -2.380616251560793706e-02 9.990172104932936170e-01 -3.738441656699709181e-02 -2.849866525345953860e+00 5.044546272071636084e-01 4.428936149771838665e-02 8.623008498847453129e-01 4.392992221057722446e+01
8.599938354332934409e-01 7.898569840634767775e-04 -5.103031602973975289e-01 -1.786503097942141949e+01 -2.229963491481925381e-02 9.991016204256176758e-01 -3.603437570393669409e-02 -2.908158310840677441e+00 5.098161170029407163e-01 4.236888682201011419e-02 8.592395441410888290e-01 4.484412302924113192e+01
8.544331364052546451e-01 -1.523658486304099204e-03 -5.195586565538455881e-01 -1.840945213281041504e+01 -2.065159676287039656e-02 9.991056774319820866e-01 -3.689238286230767799e-02 -2.963614764093018827e+00 5.191502516856361105e-01 4.225180257203120515e-02 8.536381861627631018e-01 4.574594878035387069e+01
8.489221189370166343e-01 -4.865965682671367226e-03 -5.284955679718827959e-01 -1.896598738223541503e+01 -1.900602169773327188e-02 9.990295216212091711e-01 -3.972765783728002958e-02 -3.025872825512490039e+00 5.281765394417868853e-01 4.377032997234144018e-02 8.480053594417740204e-01 4.664471030421842812e+01
8.425372294472244228e-01 -5.026622633503617307e-03 -5.386139076865981146e-01 -1.954863623230652081e+01 -1.976901612487665105e-02 9.989938058183683856e-01 -4.024708417216044803e-02 -3.078519652855761013e+00 5.382746082596446824e-01 4.455758093694301564e-02 8.415909647344070876e-01 4.754029241276776929e+01
8.368133249719380551e-01 -3.305912464988792956e-03 -5.474786103416310334e-01 -2.014450087980484838e+01 -1.982077702747055137e-02 9.991435804445670810e-01 -3.632899571434147767e-02 -3.128180015445207296e+00 5.471287717205476353e-01 4.125208165177552538e-02 8.360310945834945606e-01 4.842610578336146432e+01
8.320078587159153161e-01 2.730562668340581409e-04 -5.547646338536234012e-01 -2.074625196440776875e+01 -2.143291465946249585e-02 9.992693644965567890e-01 -3.165211433082836673e-02 -3.184880741496134426e+00 5.543499041062015520e-01 3.822495271882351414e-02 8.314047767875278883e-01 4.931133792725805876e+01
8.278351584266595564e-01 1.756176550034788467e-03 -5.609687300851885494e-01 -2.134809294921024403e+01 -2.358280636358522225e-02 9.992195712408753483e-01 -3.167357704958510128e-02 -3.229364212371522047e+00 5.604754233434283694e-01 3.944972729314041859e-02 8.272312703324652405e-01 5.017571670726237443e+01
8.244314561718497636e-01 -9.767266721575932828e-04 -5.659612030025489293e-01 -2.195512114673340776e+01 -2.363337939874698285e-02 9.990668507170434864e-01 -3.615075379038244080e-02 -3.291118023305859452e+00 5.654682158993059593e-01 4.317943007591878990e-02 8.236386931111066012e-01 5.105427437821314385e+01
8.217556669981521678e-01 -2.275429099671516520e-03 -5.698361209728437515e-01 -2.257003945134097123e+01 -2.599561267499842301e-02 9.988009246249730522e-01 -4.147627118226366455e-02 -3.352544725227804445e+00 5.692473566021336584e-01 4.889660377210694464e-02 8.207114083768747292e-01 5.191762684048998722e+01
8.185006173173724475e-01 -3.578620455111472618e-03 -5.744943035260956510e-01 -2.319675744040261023e+01 -2.615832729114469374e-02 9.987112117207050943e-01 -4.348974117214815527e-02 -3.408867629388181442e+00 5.739091845868162789e-01 5.062419374310608844e-02 8.173521709619224751e-01 5.278808277345812883e+01
8.154033946555422352e-01 -2.287010287278294814e-03 -5.788883244661056082e-01 -2.381705302745213970e+01 -2.534925951860577537e-02 9.988920153351785736e-01 -3.965247562053459546e-02 -3.475044458894759103e+00 5.783379394160725884e-01 4.700718191012419334e-02 8.144415900092791816e-01 5.365129178079454420e+01
8.120783132487895406e-01 -2.643793410141304784e-04 -5.835489036156095155e-01 -2.444321881224797366e+01 -2.512653145358305362e-02 9.990565656895824542e-01 -3.541921559062653768e-02 -3.532691006355251684e+00 5.830077575912130383e-01 4.342571037591849009e-02 8.113051210616281095e-01 5.452070298144570870e+01
8.089473174658153853e-01 9.436510807586187544e-04 -5.878804204933189004e-01 -2.508360388610175562e+01 -2.482378444516793875e-02 9.991620779468001201e-01 -3.255467581101167268e-02 -3.587116147169831404e+00 5.873568783748306377e-01 4.092848455896783838e-02 8.082926045873846110e-01 5.538493724530654561e+01
8.063946129391994511e-01 1.576030986532966395e-03 -5.913762964349712492e-01 -2.572811825801408148e+01 -2.601487873391945815e-02 9.991231480856515024e-01 -3.281094387940963059e-02 -3.635762523323263107e+00 5.908057344724713111e-01 4.184314697933781690e-02 8.057282389751487806e-01 5.624242615175764826e+01
8.027188345237908917e-01 1.304618958476178210e-03 -5.963558247893794295e-01 -2.637375621008875015e+01 -2.692207468677208088e-02 9.990569062397433031e-01 -3.405253260941408511e-02 -3.687891720902273018e+00 5.957497471799552136e-01 4.338974655247374718e-02 8.019972592364656983e-01 5.709570336095995913e+01
7.983280609619343160e-01 -1.116975831535059645e-03 -6.022217837884442648e-01 -2.702843757958234150e+01 -2.604931954467121571e-02 9.989980553894309834e-01 -3.638486145596984966e-02 -3.748032651281663519e+00 6.016599481539960381e-01 4.473447362054770032e-02 7.974988836486345267e-01 5.795490524517238384e+01
7.947746418749569441e-01 -2.090898343754930659e-03 -6.069012614312737641e-01 -2.768345233338602895e+01 -2.571881315671527626e-02 9.989792605818663684e-01 -3.712204644108389739e-02 -3.803443780689377718e+00 6.063594371705399722e-01 4.511246577981894990e-02 7.939100975431765406e-01 5.880853711007978291e+01
7.901984550279987918e-01 -2.760516883705123586e-03 -6.128449566538169968e-01 -2.835343984116846627e+01 -2.503747067722284642e-02 9.990093222124697414e-01 -3.678302929872742655e-02 -3.859575739742341582e+00 6.123397580934286655e-01 4.441004495318476297e-02 7.893462227595313685e-01 5.966463982780253161e+01
7.859033220683705467e-01 -3.283935672605979138e-03 -6.183417190032853838e-01 -2.903279541901044425e+01 -2.412691250023169670e-02 9.990616504094390615e-01 -3.597082928840802246e-02 -3.915679625525947838e+00 6.178795332972651932e-01 4.318818669798434734e-02 7.850860275221903661e-01 6.050290070776999585e+01
7.805319200293101556e-01 -4.001288388634716836e-03 -6.251033851601455194e-01 -2.971308519745925025e+01 -2.415911052765813694e-02 9.990393424748611473e-01 -3.656095813116275184e-02 -3.977599576211240162e+00 6.246490139245017836e-01 4.363897703471572576e-02 7.796847374958286725e-01 6.134579477636499689e+01
7.749123611973915970e-01 -5.782150622504944083e-03 -6.320419572113867845e-01 -3.040533431679674337e+01 -2.327192826443538407e-02 9.990193385478961519e-01 -3.767183828406361901e-02 -4.045625744110414423e+00 6.316395886919751179e-01 4.390127422618288200e-02 7.740183002547122992e-01 6.219146596188006981e+01
7.698069015781141555e-01 -6.874934975799163774e-03 -6.382406311432962109e-01 -3.110441726572238608e+01 -2.293921976059361614e-02 9.989982128026642094e-01 -3.842878084812353934e-02 -4.099099311030003356e+00 6.378646410706647618e-01 4.422346114951106882e-02 7.688768856192216283e-01 6.301679135533172627e+01
7.635505366926371718e-01 -8.048185245410241842e-03 -6.456978606846127677e-01 -3.181839174442136908e+01 -2.238193042894668153e-02 9.989918527358381262e-01 -3.891886143895464251e-02 -4.153407345091975955e+00 6.453602773150676208e-01 4.416839869789673106e-02 7.626006105715247285e-01 6.384637970616658009e+01
7.578263972620166156e-01 -1.012209693101012720e-02 -6.523778471414979352e-01 -3.253532330328347655e+01 -2.115041192144691620e-02 9.989726537239064230e-01 -4.006868442814654624e-02 -4.213076131455441242e+00 6.521141541465932390e-01 4.416315778763359873e-02 7.568339490140770787e-01 6.467617479489662458e+01
7.518467601889274876e-01 -1.107743912299910538e-02 -6.592451836597436055e-01 -3.326536841986735737e+01 -2.059916619998587023e-02 9.989762947206455301e-01 -4.027863370989286790e-02 -4.274181672947987565e+00 6.590167559413636633e-01 4.386326008347274374e-02 7.508489450904267670e-01 6.550178515619629138e+01
7.457142199432702512e-01 -1.123665700812582005e-02 -6.661712160042569941e-01 -3.400870364601500029e+01 -1.983976789433244264e-02 9.990403297192406162e-01 -3.906011981041230402e-02 -4.336374134546583825e+00 6.659700275131456015e-01 4.234436926732807610e-02 7.447754503374891533e-01 6.632419911857310524e+01
7.398173038373443422e-01 -1.146380327228566434e-02 -6.727098916023818154e-01 -3.475393955920510791e+01 -1.906102521521986504e-02 9.990960549954737147e-01 -3.798846442726147576e-02 -4.399815897904791662e+00 6.725372484400852224e-01 4.092712054807868399e-02 7.389306411671817676e-01 6.714007275980637246e+01
7.332806738029519211e-01 -1.272418342536595082e-02 -6.798074748887700247e-01 -3.550928994126118710e+01 -1.807669568540770655e-02 9.991070944157918188e-01 -3.819925128699482031e-02 -4.461482508231660482e+00 6.796863073557334323e-01 4.029938090500655157e-02 7.323952317812562063e-01 6.794611372613863409e+01
7.266644588487786161e-01 -1.446994104774929762e-02 -6.868402258544570316e-01 -3.627994105602724062e+01 -1.742168501124533725e-02 9.990683514458409409e-01 -3.947964958131975483e-02 -4.522303799357366927e+00 6.867709082260970987e-01 4.065441774572138567e-02 7.257351897053803125e-01 6.874928547365523457e+01
7.209949672319085900e-01 -1.325271526734116134e-02 -6.928137917065948503e-01 -3.706863366072688137e+01 -1.988577347748062690e-02 9.990093110316534686e-01 -3.980468562712741881e-02 -4.573271149658830304e+00 6.926548622989410209e-01 4.247614012487824914e-02 7.200177217364377436e-01 6.955377477334639025e+01
7.149924043018411890e-01 -1.282195104152400802e-02 -6.990148836846351577e-01 -3.787279613463607575e+01 -2.021259794352477795e-02 9.990347115391017274e-01 -3.899990124241613232e-02 -4.643565298726077373e+00 6.988397905711591918e-01 4.201352093020883915e-02 7.140428841590571452e-01 7.036363378839769211e+01
7.100466698132190668e-01 -1.295304905017300758e-02 -7.040348641374603034e-01 -3.867966284253140685e+01 -2.013273941099508538e-02 9.990481136937928719e-01 -3.868550601251277699e-02 -4.705147827939960337e+00 7.038663793418249437e-01 4.164260789470902030e-02 7.091102164929879992e-01 7.116745334636685527e+01
7.052750075998512891e-01 -1.318309030351659528e-02 -7.088109869174007427e-01 -3.949524485998681911e+01 -2.031735323509516536e-02 9.990409553550418931e-01 -3.879703961054412065e-02 -4.764439897595122098e+00 7.086420257610362983e-01 4.176381425453680463e-02 7.043310370451069113e-01 7.196606240260764764e+01
7.002838269700559781e-01 -1.439408813942062194e-02 -7.137196190944771201e-01 -4.032353923687300323e+01 -2.156361630908981350e-02 9.989140786291899055e-01 -4.130340327577217141e-02 -4.826265720212458810e+00 7.135385978785079297e-01 4.431446137247752742e-02 6.992130944007540760e-01 7.275869736333264370e+01
6.955709791995429159e-01 -1.689130027053820093e-02 -7.182586820092772273e-01 -4.114811806591802679e+01 -2.050093378057534638e-02 9.988498927148425910e-01 -4.334329999049085780e-02 -4.891308308743915312e+00 7.181647380004724246e-01 4.487331394444822597e-02 6.944241280856146004e-01 7.355329165117835544e+01
6.906087580411882643e-01 -1.834455993486330469e-02 -7.229957110085949434e-01 -4.198590053338963912e+01 -2.052294359600230489e-02 9.987787018631407721e-01 -4.494558406859903293e-02 -4.955942439036514102e+00 7.229376565801096666e-01 4.587785904289434086e-02 6.893885400956707432e-01 7.434544742360593261e+01
6.856931512389352612e-01 -1.797762178347532547e-02 -7.276686014520649115e-01 -4.283981167652018485e+01 -1.993513842723854124e-02 9.988561899746405404e-01 -4.346255911948346956e-02 -5.013299453709382014e+00 7.276182263280778217e-01 4.430810410957844447e-02 6.845496587864242644e-01 7.514327341102884361e+01
6.810351349822355571e-01 -1.802470215562648054e-02 -7.320283805475920058e-01 -4.369756519135209061e+01 -1.960535280332705715e-02 9.988895828658683751e-01 -4.283528189924687424e-02 -5.084184498635313965e+00 7.319882647577893309e-01 4.352397082607304540e-02 6.799262821518960997e-01 7.592640668733696430e+01
6.760126795732153138e-01 -1.833841445572911844e-02 -7.366610982210238801e-01 -4.456092385929974853e+01 -1.943194808435791399e-02 9.988988039761845794e-01 -4.269872600897770681e-02 -5.155977290696042381e+00 7.366337135800651303e-01 4.317956896488300833e-02 6.749125164506000196e-01 7.670884980766793149e+01
6.715866038294632245e-01 -1.886547861412748994e-02 -7.406860888073236726e-01 -4.542853620709023943e+01 -1.912740485540339111e-02 9.989007491769980041e-01 -4.278516383718692501e-02 -5.218813271979286128e+00 7.406796388942444853e-01 4.290130629943990359e-02 6.704876469935389105e-01 7.749222834954598227e+01
6.667001595224606447e-01 -2.004334306674156879e-02 -7.450566629888479842e-01 -4.630589419955345676e+01 -1.772175797181217705e-02 9.989297997656421124e-01 -4.273094589412369804e-02 -5.282022999345514336e+00 7.451149892780402073e-01 4.169247589634627466e-02 6.656310407118972705e-01 7.827503611866673339e+01
6.627035455705956313e-01 -2.165318044828581923e-02 -7.485680717249352245e-01 -4.719982588873543250e+01 -1.554301514434589838e-02 9.989690210867360198e-01 -4.265644322823508583e-02 -5.346845634595836394e+00 7.487202370902777959e-01 3.990354746145014647e-02 6.616844333426684654e-01 7.906146402477216384e+01
6.592940118984853548e-01 -2.403037388511032948e-02 -7.515018991769811807e-01 -4.809295523436502862e+01 -1.296505094767199523e-02 9.989770952926568803e-01 -4.331801120347023720e-02 -5.415335127654038239e+00 7.517738776543128054e-01 3.830257076890143664e-02 6.583078928088578197e-01 7.983963663174745307e+01
6.547730152994682973e-01 -2.789017025361694921e-02 -7.553112459701714076e-01 -4.898706678459886632e+01 -1.056557552292773303e-02 9.988833088351931622e-01 -4.604340788558409364e-02 -5.488362922618397199e+00 7.557517220464835539e-01 3.812826957960815943e-02 6.537466758653385224e-01 8.061512314043488914e+01
6.499876697656077340e-01 -3.138500516577508170e-02 -7.592962144271560021e-01 -4.988891830377782100e+01 -7.334609258945560054e-03 9.988407885374598338e-01 -4.756511956558465842e-02 -5.561633283490033719e+00 7.599097274523501921e-01 3.648581739572444305e-02 6.490045416969323355e-01 8.139037852195042433e+01
6.444318724481737926e-01 -3.521518782974322748e-02 -7.638504411526153559e-01 -5.080582697759154343e+01 -1.963184026138939733e-03 9.988595545580597479e-01 -4.770597162678721220e-02 -5.629663660291323701e+00 7.646591979870550615e-01 3.224281745201589694e-02 6.436285729937661904e-01 8.216155617853020487e+01
6.358694566606786225e-01 -3.865344003754327129e-02 -7.708282852436413313e-01 -5.173292699814463447e+01 2.100012043657894199e-03 9.988276041578544318e-01 -4.835423141890175802e-02 -5.706297140938677792e+00 7.717943046000620422e-01 2.912817265079971699e-02 6.352049391814670320e-01 8.293227611040870784e+01
6.277695261892786149e-01 -4.005750502285317094e-02 -7.773671527816837790e-01 -5.267172123491263136e+01 4.935508946895055329e-03 9.988594505494737819e-01 -4.748530219229048915e-02 -5.786982664727290171e+00 7.783832295913001298e-01 2.597314195143460985e-02 6.272520232612474045e-01 8.370039755782262603e+01
6.180024028112857115e-01 -3.963200713495543259e-02 -7.851759091912723365e-01 -5.362007571420073759e+01 7.051838769594432829e-03 9.989674580434870776e-01 -4.487279902085818117e-02 -5.849365236464971751e+00 7.861439040182653937e-01 2.219463769215233168e-02 6.176441391452273111e-01 8.444414745610254158e+01
6.088379744619126788e-01 -3.915568770511158175e-02 -7.923275582110634874e-01 -5.459473505668553628e+01 6.474763759041561942e-03 9.989930331931504703e-01 -4.439343107675614714e-02 -5.925058935044769548e+00 7.932682293835825460e-01 2.189830133096391102e-02 6.084779923449369354e-01 8.518052689216254691e+01
6.002596022040334045e-01 -4.029484454215288836e-02 -7.987895891191437725e-01 -5.557019660857442744e+01 5.034096806447838253e-03 9.989010139436157454e-01 -4.660655941586296785e-02 -5.991487197031696077e+00 7.997893051286275590e-01 2.395484733349339743e-02 5.998033838523508798e-01 8.590734261583040166e+01
5.900143621959282880e-01 -4.156864116927615899e-02 -8.063220998458457967e-01 -5.655494860989035999e+01 5.614460705685464861e-03 9.988612030902114247e-01 -4.738634497871809653e-02 -6.075003420392665276e+00 8.073731178887925131e-01 2.343161321068807854e-02 5.895754347138603135e-01 8.661625473072686532e+01
5.800401955127060249e-01 -4.340934452325437287e-02 -8.134307475226403294e-01 -5.756935543966319102e+01 5.280942377295280363e-03 9.987581732664043699e-01 -4.953374830369075554e-02 -6.140378025454791278e+00 8.145706507458395640e-01 2.443583451237922588e-02 5.795496312208894274e-01 8.732475033310853973e+01
5.707680120067709639e-01 -4.455353332812637956e-02 -8.199015569810640391e-01 -5.857557743654950855e+01 8.454796697949512954e-03 9.987926133850434374e-01 -4.838886512569548493e-02 -6.223161416241725696e+00 8.210671565598807176e-01 2.068676424450885398e-02 5.704563746081856568e-01 8.803531698524086835e+01
5.605647170485843489e-01 -4.458540774635825349e-02 -8.269096582634425374e-01 -5.959580678893458838e+01 1.026658369878388072e-02 9.988474780529482677e-01 -4.689625245827352268e-02 -6.304659242304441413e+00 8.280467488262068798e-01 1.779889197237555926e-02 5.603758048984671669e-01 8.872806160951215304e+01
5.500183271720351375e-01 -4.529759153326359117e-02 -8.339235560134564684e-01 -6.063125086774223860e+01 1.101389695827950654e-02 9.988343082138172457e-01 -4.699109177752706923e-02 -6.382146511639987807e+00 8.350797626036292609e-01 1.666121185339738964e-02 5.498763646141477945e-01 8.940441750597419457e+01
5.400770637755083481e-01 -4.653447773285077083e-02 -8.403283903575728964e-01 -6.168535193968792640e+01 1.006591858637454102e-02 9.987563830792776098e-01 -4.883833096969402571e-02 -6.461182653666984521e+00 8.415548589217435316e-01 1.791782950216206163e-02 5.398735531452139025e-01 9.007064168793147019e+01
5.297254685915497863e-01 -4.710321381200528734e-02 -8.468598197680852202e-01 -6.274785963438572622e+01 9.281019985924314139e-03 9.987189335820301217e-01 -4.974425022929501033e-02 -6.539580539786565616e+00 8.481185976100517054e-01 1.849102901998187637e-02 5.294835978264200715e-01 9.072962287539502313e+01
5.201527609558238563e-01 -4.759716088239992343e-02 -8.527464381284771688e-01 -6.381838211725784049e+01 7.782486478610080305e-03 9.986681009208019377e-01 -5.099496408868767205e-02 -6.619306201516439891e+00 8.540378425984371802e-01 1.988870824360557121e-02 5.198301381233743079e-01 9.137555048213795317e+01
