1.000000000000000000e+00 0.000000000000000000e+00 -5.421010862427522170e-20 -7.589415207398531038e-19 0.000000000000000000e+00 1.000000000000000000e+00 1.525506338004994911e-18 6.938893903907228378e-18 0.000000000000000000e+00 -3.557538378468061424e-19 1.000000000000000000e+00 0.000000000000000000e+00
9.998790757442667099e-01 1.032337696226789253e-03 1.554107776407199354e-02 -5.623004307704000324e-03 -1.021960951753201133e-03 9.999990452934793828e-01 -6.763288819902486511e-04 -3.174172305228067925e-03 -1.554174399972976794e-02 6.603630931085514334e-04 9.998788789622538031e-01 1.059837940449147864e-01
9.993400244883083872e-01 3.342159444695786200e-03 3.616543330420491503e-02 1.411947704897619817e-02 -3.333844385073607419e-03 9.999948795784336930e-01 -2.897189880112782667e-04 7.918870463300003992e-04 -3.616621436622006330e-02 1.689598833896624117e-04 9.993460959332577387e-01 2.555864613277648578e-01
9.980116713124939087e-01 5.207348197314809121e-03 6.282109637597112217e-02 5.128456862656041032e-02 -5.232350821291031906e-03 9.999857984000991573e-01 2.333282431084577485e-04 -2.147659735541665449e-03 -6.281893716287124951e-02 -5.615739083501815289e-04 9.980245302874070079e-01 3.933073519156495279e-01
9.953319382703513796e-01 4.701171174250600576e-03 9.640076856919382875e-02 9.182287588899480657e-02 -4.919564913290836589e-03 9.999856597780097944e-01 2.027739792769341250e-03 -6.874933034871522075e-03 -9.638991887593487129e-02 -2.492523702534550460e-03 9.953404019516388646e-01 5.682929047469320594e-01
9.910575874788328798e-01 1.962477954867657831e-03 1.334178858913852295e-01 1.591450873336550387e-01 -2.436944219363022454e-03 9.999910077292692989e-01 3.393050812919146814e-03 -8.269746943375330672e-04 -1.334097157905509146e-01 -3.687862306805931006e-03 9.910544047918976585e-01 7.599335876075552498e-01
9.848404463125821628e-01 -5.797208608500116489e-04 1.734601300023178860e-01 2.257767226499464708e-01 -1.087769494910271334e-04 9.999920469124219391e-01 3.959682346616629454e-03 -9.942624890715880126e-03 -1.734605145196103371e-01 -3.918522377655487415e-03 9.848325067749960082e-01 9.422682106519202350e-01
9.763000257419170991e-01 -8.660533624839719669e-04 2.164178709581903171e-01 3.052490515190509068e-01 -1.766442141581097552e-04 9.999886644493307664e-01 4.798607747479345653e-03 -1.086049518686984378e-02 -2.164195252200000474e-01 -4.723114349006668662e-03 9.762893098087519483e-01 1.163991392658657364e+00
9.644808514071182559e-01 -1.051036754766314536e-03 2.641501637957834880e-01 4.029342253148615050e-01 -7.841607007462170209e-04 9.999767420053330413e-01 6.842032012910044189e-03 -8.235340157909804004e-03 -2.641502368599161210e-01 -6.806145153404413728e-03 9.644574065875486379e-01 1.372603890885377265e+00
9.502637056950586913e-01 -3.915558395342706027e-03 3.114209676511786040e-01 5.324014163770492969e-01 -4.895301292795646575e-05 9.999194297894824501e-01 1.272156904004679775e-02 -2.040061675544012354e-03 -3.114454012116882331e-01 -1.210415879508461995e-02 9.501868645154587512e-01 1.602289718568159937e+00
9.332998264145561107e-01 -1.230721306097321693e-02 3.588874353786040694e-01 6.693999872133953311e-01 5.286226821220305072e-03 9.997750289951481406e-01 2.053796749544397129e-02 -1.471301869596579326e-02 -3.590585441674635780e-01 -1.727095811013598312e-02 9.331551445902958042e-01 1.806507541816002371e+00
9.123003968162310962e-01 -1.825678415028519214e-02 4.091144555401551863e-01 8.213667142468397131e-01 9.009667038224915270e-03 9.996589666525848017e-01 2.451888659151612790e-02 -3.528159587436096450e-02 -4.094223064851358895e-01 -1.868252110271892072e-02 9.121536365311840866e-01 2.018110846939094927e+00
8.874253682508035368e-01 -2.038549696081645018e-02 4.605006720255895858e-01 1.020092252735791849e+00 8.246145069512347131e-03 9.995639509313737348e-01 2.835760733838546543e-02 -3.125022022370411295e-02 -4.608780275073727783e-01 -2.136796465823949734e-02 8.872056808178225840e-01 2.269618432500256855e+00
8.591416030853805674e-01 -2.231056895896060821e-02 5.112504797078410990e-01 1.190914503963136806e+00 6.472516133736011187e-03 9.994434560705047765e-01 3.273811088017997833e-02 -1.599261677723252950e-02 -5.116963877748769152e-01 -2.481755161811381727e-02 8.588079408441149365e-01 2.472494852172158808e+00
8.269973508109793592e-01 -2.767415462289637973e-02 5.615247153068657626e-01 1.419337914114772614e+00 8.115452356357057140e-03 9.992710378514225722e-01 3.729587832915212675e-02 -1.435366602050457130e-02 -5.621472879886545426e-01 -2.628659709862138025e-02 8.266186113375978417e-01 2.707472034149619233e+00
7.915528717360478250e-01 -3.320663122682470519e-02 6.101976647658363673e-01 1.650554111578174998e+00 1.029854937834761078e-02 9.991057084610726058e-01 4.101138166506858307e-02 -1.298721236782639232e-02 -6.110136179538648848e-01 -2.617852839196634085e-02 7.911874198028794325e-01 2.920033954811921184e+00
7.536877880234812421e-01 -3.760885619327555829e-02 6.561561619951261637e-01 1.904053173317674208e+00 1.191267309893193072e-02 9.989788953384413084e-01 4.357499636645960350e-02 -8.469363550119055062e-03 -6.571245635619302750e-01 -2.502530489034655858e-02 7.533663166380776266e-01 3.142212648470794178e+00
7.140157694360004248e-01 -4.099583981769832491e-02 6.989287355188723572e-01 2.195546296409035314e+00 1.327429141360261973e-02 9.988979286278102387e-01 4.502969578777290399e-02 -4.555895647654781278e-03 -7.000041599002990722e-01 -2.287410293852486232e-02 7.137723019361891241e-01 3.369637456838713518e+00
6.721772825876052293e-01 -4.223889730627314321e-02 7.391846009627708325e-01 2.489976433746278861e+00 1.244633696099046657e-02 9.988748336566823927e-01 4.576009542863623131e-02 2.863527441134106066e-03 -7.402852973492477506e-01 -2.155874693971229078e-02 6.719468837557123209e-01 3.559660712648534897e+00
6.297695081673142514e-01 -4.368936473746812266e-02 7.755526488647973560e-01 2.828057340672521125e+00 9.445265686608389499e-03 9.987737579891312611e-01 4.859432027957135553e-02 2.395215928447420872e-02 -7.767245069642423339e-01 -2.327795495135016879e-02 6.294097338435544753e-01 3.785574189432734382e+00
5.879651728675313604e-01 -4.400292102974542180e-02 8.076880341236430949e-01 3.183531612853050419e+00 6.590177268265147957e-03 9.987470402319031937e-01 4.961443669639443305e-02 4.187397574647798437e-02 -8.088590695592111635e-01 -2.384874753534272154e-02 5.875187869005653596e-01 3.995762724503252983e+00
5.475769168132148534e-01 -4.577925858763261940e-02 8.355017981193864074e-01 3.544796100038797082e+00 4.705428284371784148e-03 9.986553697795564899e-01 5.163500220607397662e-02 6.006380349838032207e-02 -8.367416823221793809e-01 -2.434272366857123324e-02 5.470557134072284722e-01 4.196310048567005957e+00
5.088888917060581107e-01 -4.809335276757385758e-02 8.594880003674026936e-01 3.960942858158953861e+00 3.870249884699659970e-03 9.985554293760473543e-01 5.358350331685267365e-02 7.394310905669723710e-02 -8.608241506806548760e-01 -2.394160216453089171e-02 5.083396789178945552e-01 4.402156917106415435e+00
4.723055449964629893e-01 -4.790680626743359927e-02 8.801323436501995445e-01 4.375106091753059090e+00 1.211780900501955097e-03 9.985564125741080987e-01 5.370252741853091122e-02 9.854933755087884328e-02 -8.814335702943955075e-01 -2.429749631708200477e-02 4.716820424294290159e-01 4.611687857345691199e+00
4.359205998503274393e-01 -4.742071759642704776e-02 8.987350648061820380e-01 4.839834274988575658e+00 4.055146491610843104e-04 9.986211606283147413e-01 5.249437137190445662e-02 1.142014154851460350e-01 -8.999851960794632566e-01 -2.251893086610029168e-02 4.353382395213578060e-01 4.802306181472721036e+00
4.019455952644505059e-01 -4.605212631832971554e-02 9.145041523716301857e-01 5.341842185342364324e+00 1.410797063159093499e-03 9.987645857719630316e-01 4.967515697745206182e-02 1.255899517924934372e-01 -9.156627158514429876e-01 -1.867657724560948737e-02 4.015148189635863174e-01 4.995343164462296315e+00
3.725289306127594902e-01 -4.420023944612125333e-02 9.269673616059241894e-01 5.845802898123142022e+00 3.298185726630588517e-03 9.989217812071359281e-01 4.630575861802969928e-02 1.465741786080966280e-01 -9.280142186047852793e-01 -1.419296840588151962e-02 3.722732881801046334e-01 5.167521950393840768e+00
3.468628911347884647e-01 -4.248429217750557957e-02 9.369529969368538547e-01 6.384828502878397316e+00 4.255218459257953563e-03 9.990350734720571113e-01 4.372393166185801344e-02 1.635437098001298883e-01 -9.379059813996732942e-01 -1.117924759214027064e-02 3.467090353931545077e-01 5.349469699234205677e+00
3.255537136491845618e-01 -4.162722981344360584e-02 9.446068565615919344e-01 6.962636059839184099e+00 5.031235177213678848e-03 9.990920881330658254e-01 4.229435777193404911e-02 1.769125822321374886e-01 -9.455105589969654556e-01 -9.016536696250262647e-03 3.254671982177495537e-01 5.528486529887317147e+00
3.111061543012743069e-01 -4.257777609077941644e-02 9.494214268535208223e-01 7.551377153214982485e+00 5.784418439453434951e-03 9.990625938262908123e-01 4.290854966228968559e-02 2.089893146995712159e-01 -9.503578696551435723e-01 -7.857219467023141002e-03 3.110602518724349119e-01 5.713255001585045179e+00
2.988522523986191781e-01 -4.400822211004309925e-02 9.532845923693483714e-01 8.137210893259554823e+00 6.711245961619012948e-03 9.990081885371057124e-01 4.401513712063602479e-02 2.197836134802367003e-01 -9.542762176599435264e-01 -6.756302759633786049e-03 2.988515590642750741e-01 5.885360048907858577e+00
2.885343243713669459e-01 -4.558509828882775783e-02 9.563834563977190451e-01 8.783392329309657853e+00 5.909904760382590772e-03 9.989314155303926634e-01 4.583017441405196069e-02 2.427171904844086514e-01 -9.574513954599103149e-01 -7.571373028813162091e-03 2.884952600982403359e-01 6.072612408454087785e+00
2.786767837328938402e-01 -4.735554613560570558e-02 9.592172925150700413e-01 9.440543666955509394e+00 4.728155864496550245e-03 9.988392710505371586e-01 4.793803810803753257e-02 2.645145248264688664e-01 -9.603738214130482787e-01 -8.823915902220879487e-03 2.785769452165691162e-01 6.263578729718018323e+00
2.683285011903167039e-01 -4.934495140290136306e-02 9.620626665572525882e-01 1.012146644521470051e+01 4.173399984092195265e-03 9.987370223898496269e-01 5.006202274573001709e-02 2.880440385852446883e-01 -9.633184220026028699e-01 -9.418033265802502538e-03 2.681964764198335738e-01 6.456707618628048984e+00
2.585800516085026701e-01 -5.123214564196094251e-02 9.646301164017168084e-01 1.085699027525207860e+01 3.490744833575532870e-03 9.986351858646252966e-01 5.210244554210511497e-02 3.113525466035411693e-01 -9.659836510406875076e-01 -1.010542822583855062e-02 2.584067625268719470e-01 6.648632608235060637e+00
2.483158491256116374e-01 -5.275415133710493337e-02 9.672415892305997742e-01 1.158956734024858726e+01 2.971609633059183256e-03 9.985529370787724623e-01 5.369901757836569034e-02 3.369547755478166651e-01 -9.686740362581101049e-01 -1.046008744446513296e-02 2.481132137956158223e-01 6.834986640812143577e+00
2.376478996374435659e-01 -5.421261547268727693e-02 9.698371560082141851e-01 1.233744407958144151e+01 2.794854010565715231e-03 9.984756010759749945e-01 5.512857430789959434e-02 3.636383283170282477e-01 -9.713475373750097841e-01 -1.039067208528521649e-02 2.374374992865813383e-01 7.013283488972590796e+00
2.272994213829167276e-01 -5.676700557047514861e-02 9.721692101631336236e-01 1.309522917947925436e+01 1.917016717375082634e-03 9.983234144698434065e-01 5.784600244099039751e-02 3.958537447816136146e-01 -9.738228791355747482e-01 -1.128469809557619205e-02 2.270271641472397517e-01 7.188851089277117801e+00
2.164288139119703303e-01 -5.971478807552518808e-02 9.744706772415032692e-01 1.386960631725394855e+01 3.085059590552108322e-04 9.981318954518595410e-01 6.109613266455956454e-02 4.318784400758388098e-01 -9.762985547931232189e-01 -1.292227222085801618e-02 2.160422906361700868e-01 7.360779848430938799e+00
2.040131598364946508e-01 -6.341619881234061840e-02 9.769118392161962872e-01 1.465984682664051419e+01 -4.123632810592425119e-04 9.978940790023819174e-01 6.486428169365451857e-02 4.659813816025425992e-01 -9.789674458567252380e-01 -1.363602637569147347e-02 2.035577611611235627e-01 7.528396118704634432e+00
1.912051768205732805e-01 -6.619449301301524868e-02 9.793153448620404156e-01 1.545492021804413874e+01 -8.591175400286983621e-04 9.977118382226389803e-01 6.760562737077728535e-02 5.004936798958681266e-01 -9.815496574862775381e-01 -1.376785131865839590e-02 1.907109849567877324e-01 7.681251662789564172e+00
1.771113637242519301e-01 -6.746099507735300871e-02 9.818766703256683881e-01 1.626130126349927707e+01 -1.059334091741106348e-03 9.976342138412210847e-01 6.873480147353129566e-02 5.346950232809613013e-01 -9.841906023643161028e-01 -1.321383735359272713e-02 1.766204224345269969e-01 7.820736099955062137e+00
1.628644334379261982e-01 -6.654781835484467611e-02 9.844012729123363670e-01 1.706081278265895662e+01 -2.347928161340984837e-03 9.976934576634577390e-01 6.783486859916976197e-02 5.720218949950924836e-01 -9.866460593315754535e-01 -1.335917058526224499e-02 1.623321088986159622e-01 7.950626773741790387e+00
1.470391206702712505e-01 -6.605661830760149733e-02 9.869228350168968156e-01 1.787025584049597526e+01 -2.751983442497102708e-03 9.977367527207946507e-01 6.719046872515160862e-02 6.068239356054143663e-01 -9.891268602220361084e-01 -1.259563428459962997e-02 1.465241266089340744e-01 8.069638863552246022e+00
1.256756244746812523e-01 -6.384735451694099895e-02 9.900150903885586162e-01 1.869172357604781709e+01 -5.231320973349407391e-03 9.978705465703954225e-01 6.501807025220379677e-02 6.458472674407211844e-01 -9.920572868448117587e-01 -1.335029419081459022e-02 1.250738289549233051e-01 8.172883230961378587e+00
1.012758673842778095e-01 -6.287882330133325037e-02 9.928698800965993776e-01 1.950695169752838609e+01 -9.568803543972515327e-03 9.978928342361782500e-01 6.417303046129989308e-02 6.903950353464268774e-01 -9.948126539423797210e-01 -1.599973473193183615e-02 1.004602983795439552e-01 8.257962406295803248e+00
7.083137148756274426e-02 -6.265198381293379803e-02 9.955191674991901163e-01 2.034033188928003355e+01 -1.293186838935687574e-02 9.978840194385225626e-01 6.372095141062679435e-02 7.273768042131032452e-01 -9.974041093581346162e-01 -1.738733745013457122e-02 6.987120907391472513e-02 8.312951663412160741e+00
3.687864377139173089e-02 -6.212630100764298530e-02 9.973872928262897952e-01 2.118663768026653926e+01 -1.643512904649460649e-02 9.978924706617950946e-01 6.276549957817006975e-02 7.631258704089651790e-01 -9.991841778057387602e-01 -1.870687727336903944e-02 3.577988556681312854e-02 8.342406882980139216e+00
3.258803386416322338e-03 -6.137986354019101670e-02 9.981089425061425713e-01 2.201625370525434988e+01 -1.777143867643490166e-02 9.979532816191349909e-01 6.142834432608772210e-02 7.921812387451615534e-01 -9.998365933183498422e-01 -1.793807152535801044e-02 2.161324994448717441e-03 8.337705046563609557e+00
-3.154665972161502935e-02 -6.093151856751257561e-02 9.976434408761477579e-01 2.287474111518585929e+01 -1.891536957781007541e-02 9.979977245367094296e-01 6.035509758741277458e-02 8.164955119657811844e-01 -9.993229843647822852e-01 -1.696683742254425503e-02 -3.263606481509437329e-02 8.305055692437377957e+00
-6.440789507417718496e-02 -5.926638978645632633e-02 9.961620528442094447e-01 2.371211551626693392e+01 -2.193870727635972850e-02 9.980781300144428991e-01 5.796193885800564327e-02 8.538490297803930096e-01 -9.976819650553557794e-01 -1.812136666610191307e-02 -6.558433494026577604e-02 8.245690464984560819e+00
-9.677854732899097978e-02 -5.687103186097449553e-02 9.936801189381418986e-01 2.454639556874348472e+01 -2.466133495522918745e-02 9.981967230128891977e-01 5.472769373877759552e-02 8.868419915105542062e-01 -9.950001264948808988e-01 -1.920895793152893605e-02 -9.800647568389814213e-02 8.157805821542609692e+00
-1.296189447877157397e-01 -5.288479604372976067e-02 9.901530036455656880e-01 2.537589811312053811e+01 -2.316911234409898407e-02 9.984651500446131145e-01 5.029572795007770936e-02 9.153536497423844231e-01 -9.912934276138481993e-01 -1.642165696749756792e-02 -1.306452052568972955e-01 8.032130319270116559e+00
-1.604622665995408537e-01 -4.732082444444608849e-02 9.859075126106864317e-01 2.620684287036311488e+01 -1.949978879554178229e-02 9.988074230390791008e-01 4.476628314889670446e-02 9.378306877598320268e-01 -9.868489512973109834e-01 -1.204172306419613696e-02 -1.611941564395382998e-01 7.885127699659800982e+00
-1.916033539267626151e-01 -4.167191696619449576e-02 9.805876698345425968e-01 2.704245380975013902e+01 -1.452031053709761967e-02 9.991093601294360749e-01 3.962188600338181765e-02 9.596297277409256976e-01 -9.813647791677785337e-01 -6.646709522286726665e-03 -1.920380062026734447e-01 7.708097518219529043e+00
-2.206175784489267100e-01 -3.573482935149618206e-02 9.747059883339294073e-01 2.786425266220845387e+01 -8.997245241098149326e-03 9.993605850808239266e-01 3.460233935081179213e-02 9.720537284649545251e-01 -9.753186115692485947e-01 -1.135803596179898317e-03 -2.207980066318971646e-01 7.506076526452989839e+00
-2.486972891869380087e-01 -2.944870061731490879e-02 9.681335409779084911e-01 2.867912143356582533e+01 -1.415506252210735338e-03 9.995474947034181934e-01 3.004066111223396146e-02 9.791969493438743566e-01 -9.685805596292054176e-01 6.100569577738657392e-03 -2.486262055164801255e-01 7.275302276732155349e+00
-2.759887101728806247e-01 -2.111428029634320955e-02 9.609289123959950940e-01 2.948523586464009227e+01 5.379044140430682200e-03 9.997093986461365045e-01 2.351125604624325002e-02 9.757863265410156028e-01 -9.611457134593796026e-01 1.165774782076918828e-02 -2.757946884732559445e-01 7.026289763696538238e+00
-3.001411552054064624e-01 -5.672864287235582226e-03 9.538781323106568788e-01 3.028292048943182024e+01 1.010460558645274141e-02 9.999076944744305084e-01 9.126073742899150354e-03 9.711196131527812803e-01 -9.538407629315495129e-01 1.237767186913700523e-02 -3.000565392690242583e-01 6.768124808382071755e+00
-3.246104866023226121e-01 1.097293623283654949e-02 9.457840420723234720e-01 3.106124539958552688e+01 1.130327333030825207e-02 9.999059536577181717e-01 -7.721370850803308851e-03 9.651062772382921207e-01 -9.457799326943403528e-01 8.184014630635684170e-03 -3.247044670553955181e-01 6.487194025194434666e+00
-3.504632240599062087e-01 2.474192055739242099e-02 9.362501434390555488e-01 3.183246828096119785e+01 9.907414179940610827e-03 9.996934589370203295e-01 -2.270998077113859162e-02 9.341794434107179024e-01 -9.365243634752944413e-01 1.316860421490296217e-03 -3.506002348771140587e-01 6.198177804352119402e+00
-3.742650920729678754e-01 3.484808537850204307e-02 9.266671393051747474e-01 3.259547846107506075e+01 1.326055735054383622e-02 9.993928758761979614e-01 -3.222729285359031415e-02 8.914102210488209499e-01 -9.272268006550746788e-01 2.265654263642604901e-04 -3.744997838032300130e-01 5.877772852955970073e+00
-3.982648236756882731e-01 4.019610134503053683e-02 9.163895172771028275e-01 3.335173363270163804e+01 1.668502804900289654e-02 9.991915348901373450e-01 -3.657671817832418293e-02 8.522561398163395197e-01 -9.171189158109079864e-01 7.227248798421306852e-04 -3.986137112144491623e-01 5.538268031191976526e+00
-4.206958317218802423e-01 3.911410647493971521e-02 9.063581429937200840e-01 3.409806787134684924e+01 1.819251806869233087e-02 9.992325609591834468e-01 -3.467792222616757764e-02 8.078682871691594825e-01 -9.070192796839215976e-01 1.900072804248915774e-03 -4.210847292373033346e-01 5.185032904962504574e+00
-4.414416800684470843e-01 3.577342248191821977e-02 8.965765426001737204e-01 3.484816550096930143e+01 2.270198946265306050e-02 9.993307377971781813e-01 -2.869557582015850455e-02 7.656396613166864817e-01 -8.970027263321632693e-01 7.686614580098922490e-03 -4.419590577287310640e-01 4.800936650639638259e+00
-4.602191895046204850e-01 3.353786035706070312e-02 8.871712664358175626e-01 3.557755116520938543e+01 2.885313203146534083e-02 9.993234382548306094e-01 -2.281001106180535407e-02 7.234836564301158068e-01 -8.873360891834832787e-01 1.510008080463984444e-02 -4.608752487502102424e-01 4.406685569090855736e+00
-4.737189226794004671e-01 3.388992308715485513e-02 8.800235733203949362e-01 3.629108694121902801e+01 3.210404737810965831e-02 9.992598760374914457e-01 -2.120006007952156268e-02 6.785115475936780438e-01 -8.800909238019968273e-01 1.820950800340043890e-02 -4.744559533580909316e-01 4.014288027159714112e+00
-4.850520028764884750e-01 3.737363437662089005e-02 8.736866317411599026e-01 3.699610608689577163e+01 3.501331731870372527e-02 9.991148765195896342e-01 -2.330052237990892089e-02 6.393558475469935942e-01 -8.737845580854836092e-01 1.928867769355710471e-02 -4.859308736431011133e-01 3.613598239998430550e+00
-4.954443990332076386e-01 3.997465973423818680e-02 8.677194737766201760e-01 3.768779654364441001e+01 3.677944167617824833e-02 9.990105556720091373e-01 -2.502293206840910250e-02 6.003121166250581231e-01 -8.678602667850240371e-01 1.951677906570616419e-02 -4.964241566388015170e-01 3.213190539571673110e+00
-5.056348301315586324e-01 3.967825034319866218e-02 8.618341875602610891e-01 3.838002028524306297e+01 3.105038884605158811e-02 9.991313955911037548e-01 -2.778212014680272665e-02 5.684562376069374201e-01 -8.621887286356149094e-01 1.271271558622013957e-02 -5.064285654595450659e-01 2.817347055025356095e+00
-5.169889397694020783e-01 3.791382344707539681e-02 8.551523259280416900e-01 3.906115734447590881e+01 2.955107726543255986e-02 9.992134031699123620e-01 -2.643554927616452097e-02 5.314802257138973030e-01 -8.554817460386346939e-01 1.160375690192577518e-02 -5.177024634005102932e-01 2.403281010337876555e+00
-5.257213010678666310e-01 3.955925152875010287e-02 8.497366622066535591e-01 3.973509248995070209e+01 3.152019613801708420e-02 9.991383154235063957e-01 -2.701342989777869713e-02 4.962883638778318174e-01 -8.500728587749573073e-01 1.258234923336205499e-02 -5.265150143556396323e-01 1.977641106231809331e+00
-5.325086795042736076e-01 4.280680057829834573e-02 8.453418458948751546e-01 4.043074800556773596e+01 3.496332689825396717e-02 9.989804652583159639e-01 -2.856228825160198048e-02 4.506853258699869968e-01 -8.457019692272673694e-01 1.434627707584188068e-02 -5.334617857540421282e-01 1.539083789875766550e+00
-5.365356193509907001e-01 4.606948052686592188e-02 8.426193476237926472e-01 4.111783493541157952e+01 3.632345178132343616e-02 9.988441495556615868e-01 -3.148207988525844603e-02 4.178502733365501154e-01 -8.430953605136659590e-01 1.371556039537056432e-02 -5.375895302046708180e-01 1.106458784220572200e+00
-5.359959660395998693e-01 4.737662261809816311e-02 8.428898313633452766e-01 4.182723809024851391e+01 3.546840606995640272e-02 9.988067203037870323e-01 -3.358585192883531412e-02 3.853767005605804874e-01 -8.434752156134360801e-01 1.189406246457298290e-02 -5.370367542641871772e-01 6.560926238739135385e-01
-5.330432834322230695e-01 4.783227785032827944e-02 8.447342078974822144e-01 4.255231164138400146e+01 3.754545679940860664e-02 9.987540616383895342e-01 -3.286154563447673399e-02 3.453930454831281582e-01 -8.452545850388639703e-01 1.419933265287039517e-02 -5.341757782061665738e-01 1.958059974669089931e-01
-5.273537308986411265e-01 4.681097855326295243e-02 8.483557772670009545e-01 4.329673526986712062e+01 3.586743491845532927e-02 9.988176652425312385e-01 -3.281732763562292959e-02 3.020004463281144025e-01 -8.488882416786305285e-01 1.312195569895306495e-02 -5.284089343438902464e-01 -2.580503556016667255e-01
-5.206176151065161628e-01 4.513511954082838340e-02 8.525959820852172522e-01 4.405731847674521617e+01 3.379077502539392514e-02 9.989090372815497831e-01 -3.224713113050535485e-02 2.587571510843444944e-01 -8.531209290191493766e-01 1.202146381591963180e-02 -5.215744221750336918e-01 -7.092799586758989916e-01
-5.133022259318191782e-01 4.435475922649657898e-02 8.570605830160991090e-01 4.483736659822464077e+01 3.196270928393726840e-02 9.989591361236900280e-01 -3.255548096306278699e-02 2.086305914383076721e-01 -8.576127308738050736e-01 1.068314959246386905e-02 -5.141859101918705433e-01 -1.166672866365527250e+00
-5.066751070203210361e-01 4.291542913809888449e-02 8.610682296702698579e-01 4.562209118865558111e+01 2.915677758914675052e-02 9.990414849260726982e-01 -3.263550328192455635e-02 1.651333878965375312e-01 -8.616438385245716036e-01 8.570369359977129259e-03 -5.074413779057517226e-01 -1.623106926087354740e+00
-5.020672012493578862e-01 4.115935403212735155e-02 8.638483267957149936e-01 4.644981947236443176e+01 2.517280009160799067e-02 9.991391612324960203e-01 -3.297506359267138309e-02 1.224019701688243145e-01 -8.644617108013228357e-01 5.189835100506594648e-03 -5.026709599831380437e-01 -2.089712431797957848e+00
-5.010119012774326697e-01 3.785367460962910102e-02 8.646122703149162758e-01 4.726611958905590427e+01 2.021448523550875218e-02 9.992821966872087458e-01 -3.203603260669760089e-02 7.870470805981177875e-02 -8.652047759832520724e-01 1.427287386909915738e-03 -5.014172954097763091e-01 -2.560706397755502906e+00
-5.009944973287214776e-01 3.583891267878253767e-02 8.647087082452581397e-01 4.811628834133608024e+01 1.831718895517242193e-02 9.993573340224244372e-01 -3.080706291718705164e-02 3.637544125781925347e-02 -8.652567017594944287e-01 4.048393282939759252e-04 -5.013288366937029839e-01 -3.041890264838721603e+00
-5.020437534546478009e-01 3.415539095221056115e-02 8.641677615673030166e-01 4.898289675163333357e+01 1.651105885611978824e-02 9.994164971053661750e-01 -2.990866559118315893e-02 -2.676126190009064931e-03 -8.646850434023739540e-01 -7.471813025766785299e-04 -5.023147436507185981e-01 -3.537850742782827851e+00
-5.028841528658386517e-01 3.346128459438482694e-02 8.637063105292103193e-01 4.984320033172244280e+01 1.654289128667386921e-02 9.994400985278205640e-01 -2.908786452546842718e-02 -5.239992028508677624e-02 -8.641955477554180698e-01 -3.396258177914644044e-04 -5.031559456619820736e-01 -4.028739719637671080e+00
-5.028511540311511041e-01 3.270799348562417053e-02 8.637543884657377102e-01 5.071217969962058447e+01 1.642867005764073879e-02 9.994650873095167753e-01 -2.828274343183419942e-02 -9.938929085514028317e-02 -8.642168873202601409e-01 -3.164950105529959479e-05 -5.031199332783656830e-01 -4.525127911825376437e+00
-5.031356356435544575e-01 3.181798572581909235e-02 8.636220074804875635e-01 5.160580664683737950e+01 1.701268157487357408e-02 9.994931922731614682e-01 -2.691252042615466245e-02 -1.435408991270019641e-01 -8.640401362946321662e-01 1.151885489929302918e-03 -5.034215566296069699e-01 -5.043867010530063588e+00
-5.032887394916890633e-01 3.112760796670141494e-02 8.635575916635546134e-01 5.249484568518885652e+01 1.682455719012727197e-02 9.995140491723483178e-01 -2.622279062667584940e-02 -1.907419963348211400e-01 -8.639550489985224901e-01 1.331334458760730782e-03 -5.035673096806593252e-01 -5.556484273449465938e+00
-5.031159384449573890e-01 3.003174431749645878e-02 8.636973529838098962e-01 5.339344247607723304e+01 1.541864404727754864e-02 9.995490930186816669e-01 -2.577389419955742472e-02 -2.362991389856939628e-01 -8.640811022332731683e-01 3.497814466673241848e-04 -5.033521545737242864e-01 -6.065312862096442714e+00
-5.031120550022042393e-01 2.936471806077643396e-02 8.637227751043298207e-01 5.428910085425693666e+01 1.520437558475912568e-02 9.995685382903112259e-01 -2.512682149428821857e-02 -2.849310850775187420e-01 -8.640875100562285249e-01 4.908147976199163029e-04 -5.033414832881071277e-01 -6.575440570114968963e+00
-5.025733647248005198e-01 2.864268211217011612e-02 8.640600083759373273e-01 5.519098076205028747e+01 1.427456248420120276e-02 9.995892993379027480e-01 -2.483262732029747205e-02 -3.303906978138196338e-01 -8.644173411461018031e-01 -1.461318283556339512e-04 -5.027759346131022156e-01 -7.084950990731638143e+00
-5.014558181908405077e-01 2.731033809777377169e-02 8.647521918444425193e-01 5.609180737052513877e+01 1.368438546391421637e-02 9.996271548520645478e-01 -2.363453144484213217e-02 -3.793395402302357500e-01 -8.650745390447062144e-01 -1.810576665173778410e-05 -5.016433366612240707e-01 -7.595414952102566453e+00
-4.996262745124799842e-01 2.530503421528863123e-02 8.658716886862819484e-01 5.698362840978489174e+01 1.413189168254915321e-02 9.996785105341710054e-01 -2.106113175117922329e-02 -4.282700755767521184e-01 -8.661262961344233791e-01 1.713704558183946902e-03 -4.998232360216909309e-01 -8.103725006589131752e+00
-4.970716177606910313e-01 2.363831879971085154e-02 8.673872103131051725e-01 5.787581878807259983e+01 1.474425148141549936e-02 9.997149176327249087e-01 -1.879504313377799649e-02 -4.743419633187664908e-01 -8.675838350700947332e-01 3.446509047551914607e-03 -4.972782998720339243e-01 -8.606046770494184983e+00
-4.947128458038325682e-01 2.276706331561040991e-02 8.687583935260378976e-01 5.876932810996113687e+01 1.457774545087682679e-02 9.997339481592472099e-01 -1.789822500434702993e-02 -5.183150098846890375e-01 -8.689340437096606529e-01 3.810044262302997309e-03 -4.949131023554147468e-01 -9.108166225483897094e+00
-4.926098256146210774e-01 2.278568449165638624e-02 8.699520047831281744e-01 5.965742242767721137e+01 1.491580355963273777e-02 9.997315872637865253e-01 -1.773880346609137473e-02 -5.638613947955486427e-01 -8.701221016318003709e-01 4.237676553826792702e-03 -4.928177616491654645e-01 -9.604086474766125647e+00
-4.910592307402411594e-01 2.338594303557067766e-02 8.708117609048501295e-01 6.054606346888720481e+01 1.511948628481759975e-02 9.997176011192934197e-01 -1.832178540442265524e-02 -6.072321617613336553e-01 -8.709951463528694537e-01 4.169121876345521782e-03 -4.912743703790524163e-01 -1.010000403266858804e+01
-4.912047512769830426e-01 2.451613167611986152e-02 8.706996816071179701e-01 6.143144660653252487e+01 1.429813810556108782e-02 9.996962217990551514e-01 -2.008200274197486854e-02 -6.486139766661728201e-01 -8.709268559891729655e-01 2.585004408618292102e-03 -4.914054705220720631e-01 -1.059875336129220358e+01
-4.941647963511454633e-01 2.619399436272494205e-02 8.689735281541257628e-01 6.231176495733114251e+01 1.288750602676374049e-02 9.996571611157578641e-01 -2.280449879637169025e-02 -6.894463245327214773e-01 -8.692725257986241294e-01 -7.020857291696429303e-05 -4.943323647646124530e-01 -1.108941024305527279e+01
-4.983081911527956764e-01 2.683976145185399537e-02 8.665844285782130507e-01 6.319096093310316320e+01 1.173189062427279494e-02 9.996381114629645515e-01 -2.421448111306126472e-02 -7.365060105508014487e-01 -8.669207204046839310e-01 -1.899592162034354978e-03 -4.984419203101688178e-01 -1.159110731892926616e+01
-5.040749987251893494e-01 2.556969516216419519e-02 8.632808117306284279e-01 6.406651019201100894e+01 1.158639750448815092e-02 9.996715705862784240e-01 -2.284415405132233373e-02 -7.771596590310174690e-01 -8.635817945637291881e-01 -1.512830582077284540e-03 -5.042065718610890812e-01 -1.209621487928415284e+01
-5.094740256464806993e-01 2.348027443641152734e-02 8.601659344701853005e-01 6.493695669104577917e+01 1.371462461806744956e-02 9.997218462592321053e-01 -1.916667314002401881e-02 -8.310294592576897843e-01 -8.603769778791622302e-01 2.031924732562920104e-03 -5.096548206127512470e-01 -1.261215939838806577e+01
-5.151705297215288804e-01 2.168440979344684813e-02 8.568133341824699656e-01 6.578594282991004150e+01 1.202832637166524263e-02 9.997642221146927355e-01 -1.807004609589328570e-02 -8.617634905657278743e-01 -8.570036275178284368e-01 9.968814160178814110e-04 -5.153096923931638207e-01 -1.312002779814988074e+01
-5.199626181862510022e-01 2.258958432876442476e-02 8.538906682355987821e-01 6.663457331118119953e+01 1.238881830834085568e-02 9.997443479595687910e-01 -1.890424644269567481e-02 -9.094266080480482017e-01 -8.540991351126306919e-01 7.492451955070349862e-04 -5.201097297733178193e-01 -1.363922766918959795e+01
-5.248448612867998575e-01 2.482049611762048719e-02 8.508359615322016456e-01 6.747483817965805031e+01 1.214863685853159909e-02 9.996916158335784619e-01 -2.166889235044642745e-02 -9.578842127509148430e-01 -8.511113808873770337e-01 -1.036299710931270525e-03 -5.249837545467785915e-01 -1.414932903522857721e+01
-5.299653818191498722e-01 2.541535602414465161e-02 8.476386771316287705e-01 6.830650080857748208e+01 1.128355328719835883e-02 9.996735481283652858e-01 -2.291912724669280255e-02 -1.002086899305892453e+00 -8.479442022961201086e-01 -2.581986197007237437e-03 -5.300791663092152550e-01 -1.465924881906598287e+01
-5.340114623079104117e-01 2.567925030980931778e-02 8.450875464675237092e-01 6.913382804551152105e+01 1.029991504427413967e-02 9.996621916643725347e-01 -2.386765992288994442e-02 -1.048130808426467109e+00 -8.454141552642092661e-01 -4.041303821305256005e-03 -5.340947293564619613e-01 -1.517596819974890110e+01
-5.373359186188683134e-01 2.494798239626711683e-02 8.429993234013248848e-01 6.995889764810350187e+01 1.001107199234252919e-02 9.996809541819009493e-01 -2.320367863655873122e-02 -1.099333665195664000e+00 -8.433092108537111331e-01 -4.028814719493164186e-03 -5.374140355630325772e-01 -1.569674947222838313e+01
-5.400000670125543190e-01 1.878115527799432277e-02 8.414559750203097765e-01 7.078097321766925631e+01 1.122826422496975632e-02 9.998226426163412395e-01 -1.511023191382805837e-02 -1.144095258077381771e+00 -8.415905948465773889e-01 1.288568502882250950e-03 -5.401145756037871726e-01 -1.622043614467810713e+01
-5.421662999386825943e-01 1.130788595464458923e-02 8.401947829400934209e-01 7.160721353512241194e+01 1.237842744378753190e-02 9.999082466401585378e-01 -5.469787269329312585e-03 -1.182127030025915682e+00 -8.401797313238833498e-01 7.434715535764267746e-03 -5.422569467014760614e-01 -1.675207531543467709e+01
-5.436445262602994655e-01 7.707163126129435403e-03 8.392804095335076875e-01 7.241720218189398395e+01 1.274646936155247705e-02 9.999179141579073171e-01 -9.257740222338860410e-04 -1.205586140839681741e+00 -8.392188161006739477e-01 1.019457424209309349e-02 -5.436983878976077156e-01 -1.728347505796097039e+01
-5.446384727848748719e-01 1.194745157327396258e-02 8.385857358487182056e-01 7.322319406442039735e+01 1.247989873463328618e-02 9.999036386702839785e-01 -6.140415446003123084e-03 -1.231685063827056226e+00 -8.385785812685161433e-01 7.121175348648854132e-03 -5.447341658854091273e-01 -1.779887140588350292e+01
-5.458267892318439118e-01 1.718758827969008376e-02 8.377211800935004948e-01 7.402181316290865709e+01 1.290286521634994264e-02 9.998430400010108743e-01 -1.210683650234741643e-02 -1.266859390269309049e+00 -8.377981316757109331e-01 4.200819735044613451e-03 -5.459632507691669634e-01 -1.832047518993170954e+01
-5.467615336749227506e-01 2.209756849847820115e-02 8.369970018971701897e-01 7.482232848391419111e+01 1.780873559043760074e-02 9.997329303671175227e-01 -1.476054257567771186e-02 -1.304251178379218334e+00 -8.370985030427285922e-01 6.835378907411191786e-03 -5.470083966921946983e-01 -1.884975035520689701e+01
-5.465011621245788875e-01 2.400375329718095613e-02 8.371137835710418251e-01 7.561389160968640510e+01 2.225603800826941175e-02 9.996526850157515520e-01 -1.413476596227213923e-02 -1.334163099417961851e+00 -8.371625673225875364e-01 1.090614465769570995e-02 -5.468455228911724975e-01 -1.938345328398630230e+01
-5.455977238276890073e-01 2.126067748842953506e-02 8.377781395819611232e-01 7.641609229759846755e+01 2.219814476437126372e-02 9.996944897681619979e-01 -1.091330276638030096e-02 -1.361945254577832776e+00 -8.377529366984377557e-01 1.264282366801755195e-02 -5.459027659404729338e-01 -1.989795463244515616e+01
-5.452832962105934600e-01 1.595218352695467953e-02 8.381007945707740214e-01 7.720694787025546191e+01 2.062645573674467409e-02 9.997714237464435660e-01 -5.609457628390240869e-03 -1.388671521361458217e+00 -8.379984452996231958e-01 1.422829418480597331e-02 -5.454871275358500471e-01 -2.041870610981294121e+01
-5.443815692035434139e-01 1.049732403590785193e-02 8.387716870594457141e-01 7.800725893177566661e+01 1.923494915168228944e-02 9.998148261446668794e-01 -2.888595419478007302e-05 -1.408912614990191159e+00 -8.386171828198601963e-01 1.611801113035154706e-02 -5.444832569411234280e-01 -2.093403142678650752e+01
-5.435121074324861246e-01 4.575016476942398228e-03 8.393896910992607596e-01 7.880843301047779903e+01 1.135218290935977731e-02 9.999334749406785239e-01 1.900574395639141167e-03 -1.418248965470214618e+00 -8.393249026574048921e-01 1.056187696862885897e-02 -5.435273675081923050e-01 -2.143588737354865970e+01
-5.423016065647253692e-01 -6.623269208977300079e-04 8.401838045621743412e-01 7.961068704379938765e+01 3.402218361826195130e-03 9.999899894693504709e-01 2.984307641664421095e-03 -1.429766553642044968e+00 -8.401773905586951141e-01 4.476933671549662014e-03 -5.422933829046251430e-01 -2.193160655352203037e+01
-5.407986147193064586e-01 -7.939003019150963833e-04 8.411513860630462913e-01 8.040890983852686702e+01 5.749392924310190757e-03 9.999722928251986165e-01 4.640231668752900149e-03 -1.460305760548295861e+00 -8.411322537932995891e-01 7.345530577340870712e-03 -5.407796781058923363e-01 -2.243739901515287372e+01
-5.382095591392374034e-01 2.376833207996090040e-03 8.428081138723847454e-01 8.119818183393002187e+01 9.864215943534508299e-03 9.999449836775345934e-01 3.479209281026533675e-03 -1.484608245123881565e+00 -8.427535627343244462e-01 1.018618455472976650e-02 -5.382034245382972815e-01 -2.294333575923813484e+01
-5.329612601789195381e-01 5.670058394073790482e-03 8.461205804146607612e-01 8.198308089473843552e+01 1.188486873271210956e-02 9.999287447591251876e-01 7.853604957490224834e-04 -1.496914733615236193e+00 -8.460565454760402559e-01 1.047459689521515816e-02 -5.329904845802053703e-01 -2.344006792656764659e+01
-5.252476428877064230e-01 6.866071984002949935e-03 8.509220773297099250e-01 8.277830333008888886e+01 1.577513696622440467e-02 9.998737714893723982e-01 1.669530701641901496e-03 -1.524019116683559938e+00 -8.508034102689420175e-01 1.430032491231830565e-02 -5.252901286016660176e-01 -2.393601808219828797e+01
-5.172294227065784566e-01 8.537622611304664794e-03 8.558041503577464848e-01 8.357107893747351568e+01 2.198145859566554006e-02 9.997524380574464020e-01 3.311431657960389394e-03 -1.551236011159220496e+00 -8.555641749090034942e-01 2.052459228260935381e-02 -5.172890153508680200e-01 -2.442505224590449942e+01
-5.068146592780221615e-01 9.342626458950380880e-03 8.620045475905513399e-01 8.437728624857049908e+01 2.230002409339061978e-02 9.997486680711147322e-01 2.275744269929235765e-03 -1.560074678561035322e+00 -8.617668383200505211e-01 2.037610220108491271e-02 -5.068960087930923786e-01 -2.489561566154825911e+01
-4.961561483755408952e-01 7.609925964777553009e-03 8.682004440400155065e-01 8.519576350516963714e+01 2.005202227076838956e-02 9.997953184210697231e-01 2.695873179047262366e-03 -1.568772195715107953e+00 -8.680019537749333880e-01 1.874674302918527546e-02 -4.962071700455287226e-01 -2.535147982111751119e+01
-4.845762828867725136e-01 5.050803631075448386e-03 8.747341556621424097e-01 8.600195791259095301e+01 2.200521364338919872e-02 9.997369948453069810e-01 6.417647783717253702e-03 -1.595358479358187420e+00 -8.744723738368430643e-01 2.235856364981227140e-02 -4.845607119585343958e-01 -2.579611446366900651e+01
-4.730895576718287532e-01 3.474818716034251166e-03 8.810076217009684685e-01 8.682382231684664475e+01 2.085721552177347352e-02 9.997565862174359053e-01 7.256887693116391598e-03 -1.611745841213872099e+00 -8.807667921005899458e-01 2.180851957576077083e-02 -4.730470285456069846e-01 -2.623273734482039288e+01
-4.614953497737361299e-01 2.053918006971698455e-03 8.871400823198215546e-01 8.765507972500942913e+01 1.998410167850958596e-02 9.997673571619084543e-01 8.081171774724621101e-03 -1.625823064748375346e+00 -8.869176008068293537e-01 2.145811489060722027e-02 -4.614290073881723853e-01 -2.665790429395897831e+01
-4.492321176340459132e-01 1.569359118825613617e-03 8.934135691892197695e-01 8.848952021301288084e+01 2.052180440309592929e-02 9.997528050620928530e-01 8.562762197967343711e-03 -1.642819907605041152e+00 -8.931795299772572472e-01 2.218113116389541783e-02 -4.491536874280469549e-01 -2.707034394267055077e+01
