1.000000000000000000e+00 0.000000000000000000e+00 -5.421010862427522170e-20 -7.589415207398531038e-19 0.000000000000000000e+00 1.000000000000000000e+00 1.525506338004994911e-18 6.938893903907228378e-18 0.000000000000000000e+00 -3.557538378468061424e-19 1.000000000000000000e+00 0.000000000000000000e+00
9.999990332546605520e-01 -6.535927744139640935e-04 1.447001945062254859e-03 -1.695294823761425707e-02 6.575751773285646792e-04 9.999959607184997212e-01 -2.757236311519047686e-03 1.219835208013896749e-02 -1.445198814761999590e-03 2.758184046353548934e-03 9.999950060268395502e-01 9.179553018043835610e-01
9.999950799664898415e-01 -2.418888001461878476e-03 2.104098842816943399e-03 -2.741508844782331727e-02 2.428089173958212880e-03 9.999878877710519642e-01 -4.377387383560793314e-03 -4.410744109187597628e-03 -2.093476377350697495e-03 4.382486512984941525e-03 9.999880322624580264e-01 1.881326374645957200e+00
9.999930295109670242e-01 -2.596720418439905399e-03 2.676969060006572157e-03 -2.106795519877315698e-02 2.600197009505021174e-03 9.999959217901747133e-01 -1.293219432539778049e-03 -2.977695225648755578e-02 -2.673604680243092321e-03 1.300170042138152574e-03 9.999960486988581643e-01 2.837358027853971620e+00
9.999929546154949778e-01 -3.625759457159742453e-03 1.113493031135370228e-03 -1.724676692121981589e-02 3.620996611741987385e-03 9.999840092439169492e-01 4.243827675189922564e-03 -4.398867464734774330e-02 -1.128857148738424609e-03 -4.239767914108094095e-03 9.999900361405880123e-01 3.797494338820476489e+00
9.999829842080214526e-01 -5.807059878384732837e-03 8.198684316468725060e-05 -2.158250513281518429e-02 5.806630474876368388e-03 9.999729994674638744e-01 4.597781085642470983e-03 -6.390836793138118810e-02 -1.086840121136534013e-04 -4.597215737891387731e-03 9.999890163245146457e-01 4.740398616563143541e+00
9.999810071188948157e-01 -6.065259206790451010e-03 -7.515032478232757263e-04 -2.388359309931867638e-02 6.066942660073030603e-03 9.999790186203404430e-01 2.247749011717140553e-03 -6.640733887990912798e-02 7.378548111683961522e-04 -2.252258626988459453e-03 9.999969742607645040e-01 5.664239644152513797e+00
9.999829957064026997e-01 -5.546054351853383149e-03 -2.012622335449817598e-03 -2.238244775201027673e-02 5.545422912700060866e-03 9.999840848698181572e-01 -3.155840629311666722e-04 -8.270257187363484752e-02 2.014341745458606090e-03 3.044114514514549780e-04 9.999979194237793578e-01 6.598404860858957832e+00
9.999839647527510866e-01 -4.989370732450938359e-03 -2.725184029986625015e-03 -2.890703006677653591e-02 4.984482928825084702e-03 9.999861367470910256e-01 -1.797412540452815065e-03 -9.368889497701581026e-02 2.734109385136653664e-03 1.783803971801706852e-03 9.999948985001578805e-01 7.523423302594051343e+00
9.999880393002796852e-01 -3.549821311113038856e-03 -3.288609208328467388e-03 -3.821391392754043548e-02 3.555050850186102646e-03 9.999920423714808715e-01 1.586373755827367353e-03 -1.240138060918924423e-01 3.282956167940906042e-03 -1.598044121134411166e-03 9.999929183282393330e-01 8.458989188599023379e+00
9.999810921623697446e-01 -4.598508640611245757e-03 -4.165253073095102725e-03 -4.155231595509501635e-02 4.610751179137423383e-03 9.999850400148642127e-01 2.936482520931598013e-03 -1.350336027318741750e-01 4.151690470318516318e-03 -2.955636213737712625e-03 9.999868678227661345e-01 9.383597448951743303e+00
9.999831611463905201e-01 -3.336931862619377416e-03 -4.762025495846050442e-03 -4.903098187019521575e-02 3.357760500108730901e-03 9.999849475903443974e-01 4.371978595379273115e-03 -1.601936580823181133e-01 4.747371343977327754e-03 -4.387892523249225206e-03 9.999788912632648907e-01 1.030263761034823489e+01
9.999842488058160450e-01 -2.902405826024156456e-03 -4.826828679038859017e-03 -5.823607157500489129e-02 2.934263606389565619e-03 9.999738445730038672e-01 6.606458406056408932e-03 -1.695511969240676431e-01 4.807527516806677989e-03 -6.620515882993745389e-03 9.999669066211802626e-01 1.122236993115645376e+01
9.999723413859027410e-01 -3.881356328709871691e-03 -6.330021254427980332e-03 -6.662254930477880255e-02 3.925181387146504768e-03 9.999678253190571464e-01 6.926921588571237701e-03 -1.787127168689013890e-01 6.302930264779829997e-03 -6.951579040436413164e-03 9.999558332950400086e-01 1.213262698855271005e+01
9.999593263955965927e-01 -5.347377664616312018e-03 -7.297334360830597111e-03 -7.384444470457959819e-02 5.389702621451939943e-03 9.999689426449007712e-01 5.793050585986932698e-03 -1.944240325658637969e-01 7.266127455246765461e-03 -5.832142941326385124e-03 9.999567309595028819e-01 1.303811477412405395e+01
9.999422511766384858e-01 -6.721530902154269557e-03 -8.345701903116356513e-03 -8.391325426341787741e-02 6.754400924051470571e-03 9.999691428875203680e-01 3.916581700111548305e-03 -2.091128330795016810e-01 8.319124507654759165e-03 -3.972739999178973372e-03 9.999576059358410429e-01 1.394615383844119627e+01
9.999281867586581329e-01 -6.463558747910128251e-03 -1.009788201021361020e-02 -9.288421533406865382e-02 6.487966360672869567e-03 9.999762791762288883e-01 2.385670986460370745e-03 -2.229148871698931333e-01 1.008224023312841514e-02 -2.451013311687002313e-03 9.999465340651132461e-01 1.484228464912306400e+01
9.999121435238278455e-01 -6.219452931753598202e-03 -1.171937474872800089e-02 -1.065848034599911065e-01 6.238324646656500869e-03 9.999793808919050786e-01 1.574776729763294235e-03 -2.379938770251254498e-01 1.170932920799439177e-02 -1.647757040074072010e-03 9.999304755842669534e-01 1.573556478769167200e+01
9.999010880190380979e-01 -5.580298447350405880e-03 -1.292185609625816009e-02 -1.217086477155239627e-01 5.592134216211529923e-03 9.999844337063223954e-01 8.802754273243548538e-04 -2.537226729094391731e-01 1.291676171520100141e-02 -9.524484007863164058e-04 9.999164782746396973e-01 1.663283054268180550e+01
9.998800901263622531e-01 -4.603264470646253881e-03 -1.476352580979346275e-02 -1.409732132493058676e-01 4.615492732582306135e-03 9.999894039630092824e-01 7.938074077410074052e-04 -2.698039958293094731e-01 1.475975962937335108e-02 -8.618455348523511826e-04 9.998905059106284465e-01 1.753066565730912174e+01
9.998612228898633436e-01 -4.005334209520383833e-03 -1.614734686989144699e-02 -1.601283172282282341e-01 4.034360329748691749e-03 9.999902482717913932e-01 1.765243279298753720e-03 -2.867063385244055240e-01 1.614012145765329406e-02 -1.830149106545428611e-03 9.998685288383450942e-01 1.841673068688454507e+01
9.998414299648960002e-01 -3.928058394984989057e-03 -1.738798823267374838e-02 -1.787175378131051207e-01 3.983163493301868606e-03 9.999870677401496710e-01 3.135517785821600491e-03 -3.015642780385346389e-01 1.737541233155218134e-02 -3.204275469211782194e-03 9.998435022949540008e-01 1.929998470434959756e+01
9.998126103621757244e-01 -3.756642757943134611e-03 -1.898163897422478971e-02 -2.010264573054132975e-01 3.834455764712396339e-03 9.999839110739430215e-01 4.064508405152490213e-03 -3.158481626889623195e-01 1.896609398858657008e-02 -4.136534631728672716e-03 9.998114785638811952e-01 2.018717154296417604e+01
9.997776831089811855e-01 -4.181298496147048752e-03 -2.065215844190797928e-02 -2.209177226304526453e-01 4.268514405402447885e-03 9.999819485619115822e-01 4.180785438619559306e-03 -3.314440809258140108e-01 2.063425601183596983e-02 -4.268018974149447031e-03 9.997783683291073809e-01 2.106629319877477613e+01
9.997466740365595905e-01 -4.312715366865811986e-03 -2.208538514666811073e-02 -2.399094944204609725e-01 4.399008182664767251e-03 9.999830240336284870e-01 3.859917716104137829e-03 -3.504017538889507288e-01 2.206840097110475060e-02 -3.956080483025015658e-03 9.997483019298117890e-01 2.193791306343236513e+01
9.997167658717696082e-01 -4.636396617803838563e-03 -2.333196264586647958e-02 -2.636922316302451330e-01 4.734428643220663091e-03 9.999800270119935108e-01 4.148066189565805494e-03 -3.658127092601470842e-01 2.331225444236900007e-02 -4.257356703005362591e-03 9.997192071162368521e-01 2.280502401955363467e+01
9.997041358777971620e-01 -4.158101091695071659e-03 -2.397575409872253552e-02 -2.850054018654886723e-01 4.302309847493035640e-03 9.999725983507881111e-01 5.967037768444222873e-03 -3.723197752020944162e-01 2.395032984534064061e-02 -6.068425521570791452e-03 9.996942657714146252e-01 2.365640701616301200e+01
9.996726717003961982e-01 -4.558861779319862972e-03 -2.518281936593869813e-02 -3.120521661863566720e-01 4.770302060848065004e-03 9.999541732940052663e-01 8.342135450667607921e-03 -3.839513758252939835e-01 2.514363408884482190e-02 -8.459529727630834411e-03 9.996481550055983378e-01 2.450922333945098330e+01
9.996421730581966925e-01 -5.281323169196397438e-03 -2.621636491243627826e-02 -3.368262932658422359e-01 5.555912850234887360e-03 9.999308422138776242e-01 1.041148089815484463e-02 -3.938548239744196211e-01 2.615951984119492535e-02 -1.055339972960433678e-02 9.996019847279258297e-01 2.535706557367371516e+01
9.996311184747220802e-01 -5.644558565380385778e-03 -2.657056849469731710e-02 -3.601056280193280501e-01 5.912579068070944119e-03 9.999319793094818554e-01 1.001972101159498765e-02 -4.086844288920146173e-01 2.651218749390731391e-02 -1.017312684665394769e-02 9.995969022157960016e-01 2.619181436917472183e+01
9.996164909151746825e-01 -3.497279321176303274e-03 -2.746075122486595771e-02 -3.923718138443399450e-01 3.686069525889974947e-03 9.999702281639986090e-01 6.827128868606015255e-03 -4.212873030247146211e-01 2.743605364342874275e-02 -6.925723069653298702e-03 9.995992809208268381e-01 2.699295225072332016e+01
9.995963568302683733e-01 -3.340391783689744890e-03 -2.822331946945420486e-02 -4.205714795869116007e-01 3.512572031319949502e-03 9.999753512716542669e-01 6.053471635698732742e-03 -4.351978855860407780e-01 2.820231862245982726e-02 -6.150164887587785886e-03 9.995832918980775972e-01 2.779433284866113141e+01
9.995772729885296082e-01 -2.800593050978746924e-03 -2.893035578761748300e-02 -4.465551617790020078e-01 2.962302546372298957e-03 9.999803422667455921e-01 5.548224139171655141e-03 -4.440361032220300208e-01 2.891428659786164646e-02 -5.631585804980844719e-03 9.995663847447245898e-01 2.859073362127586293e+01
9.995402563545333630e-01 -2.758653110875921091e-03 -3.019351753749706380e-02 -4.747413749162462948e-01 2.918554539802736651e-03 9.999823782096379787e-01 5.252837733659768138e-03 -4.546970877797413269e-01 3.017851271908725264e-02 -5.338538889776167987e-03 9.995303654358284051e-01 2.937771022792861686e+01
9.994831914500198478e-01 -2.687724439114322003e-03 -3.203902902042291695e-02 -5.045599479819268263e-01 2.839955343984935064e-03 9.999844675458543497e-01 4.707123188368254711e-03 -4.680144893524595395e-01 3.202594072594965730e-02 -4.795683801121569494e-03 9.994753410041257169e-01 3.015728357910214186e+01
9.994232123329598316e-01 -2.129989297440868477e-03 -3.388827309784089165e-02 -5.341331017474594267e-01 2.285143096707089282e-03 9.999873520807128768e-01 4.539965030605879782e-03 -4.842178600046622150e-01 3.387810956417006830e-02 -4.614783046632519800e-03 9.994154355863272832e-01 3.092531404029660891e+01
9.993465365175686621e-01 -1.744093703169434517e-03 -3.611136161474044065e-02 -5.675664646457777573e-01 1.939951902711460792e-03 9.999839721624508293e-01 5.389445095961981937e-03 -4.971222743628347929e-01 3.610134470882853802e-02 -5.455975282437048636e-03 9.993334913199803937e-01 3.168381025839412857e+01
9.992702325924296414e-01 -1.974994547329194869e-03 -3.813460257337907694e-02 -6.001320532932503671e-01 2.257833151946857762e-03 9.999703795987686661e-01 7.374847475420985912e-03 -5.085907519270873589e-01 3.811887909812648745e-02 -7.455571124833355705e-03 9.992453878088013441e-01 3.243774704156681565e+01
9.992049646652160222e-01 -1.761798962050625111e-03 -3.981629348907839150e-02 -6.332197476694476634e-01 2.135775814261138897e-03 9.999536271465976345e-01 9.351717406229816121e-03 -5.150822192619126660e-01 3.979803030243423551e-02 -9.429333210422143063e-03 9.991634081881862750e-01 3.317871883806990496e+01
9.991223939238295104e-01 -1.015674210182389986e-03 -4.187687696573520052e-02 -6.679723724700035170e-01 1.443049655875250879e-03 9.999470163420818292e-01 1.017669905923045647e-02 -5.224077697306910295e-01 4.186439122585484951e-02 -1.022819463879461391e-02 9.990705897340885766e-01 3.389755215627474882e+01
9.990545330957784076e-01 -9.841426647917358994e-05 -4.347094519230113724e-02 -7.032854794326388603e-01 5.430289135366318451e-04 9.999476139373300043e-01 1.021612533012418791e-02 -5.255615489218488090e-01 4.346767951109588995e-02 -1.023008130085994831e-02 9.990028529668915080e-01 3.461276227973467456e+01
9.989744454487929914e-01 9.244716836902724250e-04 -4.527090779410534310e-02 -7.412792170869715314e-01 -4.905937199221853395e-04 9.999533783724851022e-01 9.594414839702686618e-03 -5.290595670772255676e-01 4.527773190161081540e-02 -9.562362141623832051e-03 9.989281761787217606e-01 3.531620877484564858e+01
9.989017116067887558e-01 1.507385918172010619e-03 -4.683797309453630042e-02 -7.797327918738332642e-01 -1.040350240558290951e-03 9.999499188838540942e-01 9.994093842711285203e-03 -5.352737027749365772e-01 4.685064895520803935e-02 -9.934373669516797720e-03 9.988523695093571853e-01 3.601387420246688720e+01
9.988644614447533820e-01 2.377047029669775505e-03 -4.758972579584404283e-02 -8.172341229590953660e-01 -1.817790197601773169e-03 9.999288857757792082e-01 1.179174587339839285e-02 -5.388491110065687373e-01 4.761437338163156813e-02 -1.169182542412974639e-02 9.987976527794675263e-01 3.670737692873633762e+01
9.988380095115274582e-01 3.950856064012353563e-03 -4.803563431592809685e-02 -8.533017259532809096e-01 -3.325058929947430353e-03 9.999088069921509003e-01 1.310055777567380869e-02 -5.396182740710858683e-01 4.808305797858564157e-02 -1.292558510203490642e-02 9.987601834963214520e-01 3.738492981163611972e+01
9.988844464120206768e-01 6.723614843270874289e-03 -4.673804733991132609e-02 -8.951540730093833220e-01 -6.169547763726281053e-03 9.999094642566608293e-01 1.198878461692340358e-02 -5.530212517204387002e-01 4.681441297905666876e-02 -1.168697270278671110e-02 9.988350893313185930e-01 3.803714448169094453e+01
9.989650870296254981e-01 8.765975183880971716e-03 -4.462430696298740063e-02 -9.295278607713405306e-01 -8.380465414146876652e-03 9.999262311206109644e-01 8.818574596258295373e-03 -5.628500503313148551e-01 4.469836848397552159e-02 -8.435467420329577012e-03 9.989646818497636138e-01 3.869200075238041592e+01
9.990360812253067380e-01 1.022150913487521878e-02 -4.268551027455178004e-02 -9.607168890592496791e-01 -9.960241567268286050e-03 9.999298796803386402e-01 6.329099356338401851e-03 -5.709381322497572020e-01 4.274720325255738224e-02 -5.897847366872536155e-03 9.990680390943547096e-01 3.933692216784763929e+01
9.991582071274757171e-01 1.075737832777116584e-02 -3.957750444802626832e-02 -9.913770470044235283e-01 -1.048232704770480674e-02 9.999198266757298725e-01 7.152055051054586818e-03 -5.728975796045838731e-01 3.965123047420360258e-02 -6.731164479676035421e-03 9.991909661967944833e-01 3.996869010412491008e+01
9.992768469364673445e-01 1.254553406996242182e-02 -3.588920619503643133e-02 -1.020267518337967028e+00 -1.219541985216039334e-02 9.998760254205723008e-01 9.958242975037199379e-03 -5.662613035948604878e-01 3.600968625456740096e-02 -9.513367211848490143e-03 9.993061276429603401e-01 4.060350126027910278e+01
9.993404743197605855e-01 1.647140581455041816e-02 -3.237759205229791271e-02 -1.051628677913144738e+00 -1.605030349424021660e-02 9.997838250362881540e-01 1.322328336635877032e-02 -5.687390289676178545e-01 3.258840132773843656e-02 -1.269487300112873140e-02 9.993887006439512444e-01 4.121701800506549773e+01
9.993905195136418840e-01 2.058481177361912162e-02 -2.820293526039509974e-02 -1.079859005922246595e+00 -2.016478425199502017e-02 9.996824515451643300e-01 1.509526323978638458e-02 -5.764079528071254233e-01 2.850470790439610380e-02 -1.451737516773018467e-02 9.994880289411935959e-01 4.182166919205531030e+01
9.994410280937292557e-01 2.436400860612190217e-02 -2.290283283165202299e-02 -1.101667748630279275e+00 -2.401010724265931900e-02 9.995900997619833195e-01 1.560352490873140839e-02 -5.808910350181344384e-01 2.327366986271703006e-02 -1.504484833186891732e-02 9.996158721442872652e-01 4.240920770132699857e+01
9.994505919487195467e-01 2.832176100778742087e-02 -1.724165684831777817e-02 -1.119279008867605230e+00 -2.802903982617998419e-02 9.994630442010602467e-01 1.698549133344266077e-02 -5.840090744058833439e-01 1.771352124341748699e-02 -1.649286915920472954e-02 9.997073638502201876e-01 4.298368784428291889e+01
9.994039269542962511e-01 3.274939836855835645e-02 -1.090867767488309589e-02 -1.135098609941457948e+00 -3.254703031491681248e-02 9.993036617009989353e-01 1.823920546480325283e-02 -5.891329439905736987e-01 1.149849829634517172e-02 -1.787328557289610820e-02 9.997744113447046832e-01 4.353024111360239345e+01
9.993328139936799026e-01 3.640146521138575009e-02 -3.104598878757143954e-03 -1.142203749640742005e+00 -3.634068917663373782e-02 9.991805282966466084e-01 1.779541100937142781e-02 -5.894225828399630718e-01 3.749839763415484077e-03 -1.767069232649269572e-02 9.998366577096734487e-01 4.406359459661261724e+01
9.991808887290472008e-01 4.029960385871569906e-02 3.624703518794422739e-03 -1.146463020254101739e+00 -4.035885850191815727e-02 9.990203313423757780e-01 1.812847539063197622e-02 -6.019224232491534599e-01 -2.890580905050547326e-03 -1.825996170319412956e-02 9.998287799285771049e-01 4.457210644131039601e+01
9.989668317787165908e-01 4.408445719320195494e-02 1.101706517643031603e-02 -1.151197574866856144e+00 -4.427875138018456252e-02 9.988558498204169744e-01 1.805970608594685209e-02 -6.041447811561193593e-01 -1.020833793238578452e-02 -1.852890628709851287e-02 9.997763184008664483e-01 4.506798935279315543e+01
9.986519107766589354e-01 4.822745195802598250e-02 1.917158271959093149e-02 -1.143973822973255450e+00 -4.853344954314861570e-02 9.986959306337449549e-01 1.583033474252643763e-02 -6.019996906361900768e-01 -1.838317969473352367e-02 -1.673946597751982054e-02 9.996911585895961183e-01 4.553649401768119276e+01
9.983414397028180787e-01 5.092680177838049271e-02 2.683565029168983804e-02 -1.137100017437243205e+00 -5.128351686016145716e-02 9.986025758017277321e-01 1.277369797294993989e-02 -6.106867368994153278e-01 -2.614757240972387375e-02 -1.412868469884752225e-02 9.995579844954540771e-01 4.597845680060942186e+01
9.980405869810570207e-01 5.159965778520966828e-02 3.539860751022796959e-02 -1.114343851285878539e+00 -5.205944853113095294e-02 9.985697825940598182e-01 1.219226061770947549e-02 -6.139390318249011713e-01 -3.471891132866036789e-02 -1.401123753187314032e-02 9.992986304248830942e-01 4.640116485882425934e+01
9.977933327128368779e-01 5.067251127783062303e-02 4.290392871592915713e-02 -1.100717033413883161e+00 -5.128906484048048608e-02 9.985936178678571640e-01 1.339304980366427117e-02 -6.198999321266053242e-01 -4.216489402849048912e-02 -1.556398921017218030e-02 9.989890494193058856e-01 4.680746133965379130e+01
9.973940116277800749e-01 5.115907837057487306e-02 5.087508226559716434e-02 -1.082766982315869209e+00 -5.193996471237186802e-02 9.985501162550262100e-01 1.414649838506698912e-02 -6.192938323121995881e-01 -5.007756623103353649e-02 -1.675209665170894827e-02 9.986048721171936204e-01 4.718929618400738946e+01
9.967997308446223670e-01 5.320488206201237635e-02 5.966296835062768339e-02 -1.062458326814868181e+00 -5.414390224510244598e-02 9.984316159597614870e-01 1.423318221083344146e-02 -6.191733919030812938e-01 -5.881211975407988485e-02 -1.741800032515329610e-02 9.981166531956162657e-01 4.755081566361418055e+01
9.959937576998755260e-01 5.780627044263831477e-02 6.822493389882967885e-02 -1.043027378012280515e+00 -5.886531831415427185e-02 9.981732311120751211e-01 1.361484665733241062e-02 -6.228723463345143818e-01 -6.731322596381668355e-02 -1.757646113353542039e-02 9.975770111880494229e-01 4.787462397739319186e+01
9.950552101656483517e-01 6.230900134340519592e-02 7.734791547986674676e-02 -1.025239004364520090e+00 -6.356161761268624977e-02 9.978822385339962686e-01 1.383737634924424829e-02 -6.254686600852987777e-01 -7.632186823719998292e-02 -1.868532006773401463e-02 9.969085513003553833e-01 4.818504382210035430e+01
9.943194290285429782e-01 6.172617101412318508e-02 8.671118003073233216e-02 -9.902576965001218534e-01 -6.319574033748691366e-02 9.978990481235900933e-01 1.430473689807481956e-02 -6.366280682144906944e-01 -8.564597011559960116e-02 -1.970323084386305101e-02 9.961305228478668505e-01 4.846446172081208204e+01
9.934154744406953341e-01 6.102826744353667676e-02 9.696448498092503920e-02 -9.601017973116180437e-01 -6.260525861089023814e-02 9.979492448601098298e-01 1.330279792915522313e-02 -6.449500814920984260e-01 -9.595381040855650856e-02 -1.928573850111265156e-02 9.951992806991949436e-01 4.873682614009578629e+01
9.922361924890177320e-01 6.010297357273145652e-02 1.088816715694385928e-01 -9.201921409385500628e-01 -6.144148473481941125e-02 9.980700765435961408e-01 8.977376283614398045e-03 -6.610272348818180266e-01 -1.081316945026473408e-01 -1.559745528593007441e-02 9.940137309673858779e-01 4.898821708016953380e+01
9.906486080788179382e-01 6.015330160726116426e-02 1.224660924983622529e-01 -8.767042777803158993e-01 -6.129289690106354965e-02 9.981046796425361300e-01 5.555598325996455658e-03 -6.660176838696856283e-01 -1.218995871618749893e-01 -1.300988907046144068e-02 9.924567122786460693e-01 4.925489820102014704e+01
9.886237709238291371e-01 6.161560534461846261e-02 1.372080289276515208e-01 -8.370092838369758148e-01 -6.258846051396568799e-02 9.980355025442338990e-01 2.783588022106634266e-03 -6.610762009074232504e-01 -1.367673495018970065e-01 -1.133961210653677484e-02 9.905387265319367529e-01 4.951538314864034618e+01
9.860907447402080805e-01 6.273528404364006605e-02 1.539097337146917710e-01 -7.840163506521393710e-01 -6.368909685181109448e-02 9.979684914009379071e-01 1.269088730996061022e-03 -6.580335792100093784e-01 -1.535180540051783171e-01 -1.105382578087158590e-02 9.880837638588538807e-01 4.977319193422749066e+01
9.833175154609330448e-01 6.319249867919367325e-02 1.705674851813675508e-01 -7.325637376852044413e-01 -6.415103646716591168e-02 9.979401788495707581e-01 1.084439626879560227e-04 -6.666183775640235343e-01 -1.702094580272716096e-01 -1.104868784386756585e-02 9.853463056894963268e-01 5.001881938524628168e+01
9.800939264355476022e-01 6.263689130982313946e-02 1.883936361778585922e-01 -6.725093074840307050e-01 -6.364123985227017333e-02 9.979725989232670624e-01 -7.192052159216107739e-04 -6.755999586108618615e-01 -1.880569376837758488e-01 -1.128466719381709255e-02 9.820934746411851268e-01 5.026506215271361100e+01
9.762508378155122513e-01 6.110299259530181659e-02 2.078484742830432053e-01 -5.981347605623534847e-01 -6.221025285666962473e-02 9.980627816460047042e-01 -1.211456427205481355e-03 -6.808322239090988104e-01 -2.075197782031935334e-01 -1.174770116367192252e-02 9.781603805384830874e-01 5.051449488854223802e+01
9.717905784810744185e-01 6.077570281306181321e-02 2.278821224054300432e-01 -5.341766769077923582e-01 -6.187750873360478576e-02 9.980809629193432286e-01 -2.313084490977204612e-03 -6.851014447862233681e-01 -2.275856700244018038e-01 -1.185296247191341967e-02 9.736864585995824717e-01 5.075059426239472771e+01
9.665508270745724051e-01 6.195302188573922897e-02 2.488782895589261301e-01 -4.629942499401573652e-01 -6.285507889547724270e-02 9.980136441564774197e-01 -4.328466683722647507e-03 -6.861520044529306750e-01 -2.486520267073698554e-01 -1.145961926450270868e-02 9.685245287689497884e-01 5.098562987566468507e+01
9.603964568705591898e-01 6.310540399753512830e-02 2.713985410020468003e-01 -3.777368901793598521e-01 -6.375299459103141164e-02 9.979450520960534421e-01 -6.439310249061085296e-03 -6.932345417644345531e-01 -2.712463716898800836e-01 -1.111811876762215830e-02 9.624454910333873903e-01 5.122652742520055824e+01
9.531359188438184304e-01 6.399752200439318139e-02 2.956948916121962534e-01 -2.850536700711971960e-01 -6.465391895025940361e-02 9.978787649673812599e-01 -7.568096535060409025e-03 -6.992941063774689159e-01 -2.955520247824867108e-01 -1.190437268773220786e-02 9.552523161888002434e-01 5.146092015645052697e+01
9.445288047978708246e-01 6.596317715236175994e-02 3.217374185790550234e-01 -1.868264246981267696e-01 -6.681599024369352935e-02 9.977302860188851374e-01 -8.403647884013524041e-03 -7.069629059781535885e-01 -3.215619264852386250e-01 -1.355970072152356404e-02 9.467919091832439626e-01 5.170166117843451303e+01
9.347439496534920567e-01 6.787785991435800470e-02 3.487782259239550209e-01 -7.744954268735086689e-02 -6.888502423711781453e-02 9.975789977286586563e-01 -9.529241036077969532e-03 -7.167117214719594953e-01 -3.485805000745850757e-01 -1.511820931676048294e-02 9.371570526178493177e-01 5.194943332073223274e+01
9.236609065678974551e-01 6.848246281080321018e-02 3.770419763779547795e-01 3.978480599745147506e-02 -6.953041588434147324e-02 9.975208886696528277e-01 -1.084794709572397750e-02 -7.254268279988741464e-01 -3.768501267034171098e-01 -1.619604743957149887e-02 9.261332047624497577e-01 5.218261467308598611e+01
9.108563719669470204e-01 6.580271104295899731e-02 4.074433460740610746e-01 1.706054136040169866e-01 -6.643576694067387933e-02 9.977113543533493445e-01 -1.261191081107089322e-02 -7.345645486026217696e-01 -4.073404805938084516e-01 -1.558112900952460939e-02 9.131432736797033822e-01 5.240617800925611647e+01
8.959880106532467359e-01 6.324363968747601095e-02 4.395510562509409302e-01 3.231244398314678246e-01 -6.304993417519673404e-02 9.978962862165392522e-01 -1.505764533788421337e-02 -7.484544488056563694e-01 -4.395789416146736461e-01 -1.422226573638171385e-02 8.980917031302140252e-01 5.263711647310135078e+01
8.788659984716135076e-01 6.169663337931213798e-02 4.730625629661245335e-01 4.716352726056237676e-01 -5.974348735837365504e-02 9.980295095809307293e-01 -1.916977559256148253e-02 -7.607998695627268271e-01 -4.733134588652358477e-01 -1.141478220784668957e-02 8.808204919474557082e-01 5.285108286796774024e+01
8.592125075229439801e-01 6.339492152224192323e-02 5.076770435876402088e-01 6.489220301594320617e-01 -5.947626852882034049e-02 9.979424220712629356e-01 -2.395569725148317952e-02 -7.684122913824389389e-01 -5.081500967773736610e-01 -9.611735045489892826e-03 8.612150704057929262e-01 5.309402428888360959e+01
8.376341366832903423e-01 6.460540422995864063e-02 5.423981088856241195e-01 8.230799095092009576e-01 -5.869196812124953533e-02 9.978773609418533086e-01 -2.821889961696557453e-02 -7.827673909959343979e-01 -5.430702872579979967e-01 -8.197373599578807596e-03 8.396475023748564137e-01 5.331022124673571483e+01
8.128856163595208351e-01 6.658553990058251049e-02 5.786044795171001454e-01 1.020067697911475557e+00 -5.929469020722414468e-02 9.977424207518862387e-01 -3.151637353696433441e-02 -7.962272855146382833e-01 -5.793971010514553655e-01 -8.688955589120743450e-03 8.149989628885928594e-01 5.352839316831021677e+01
7.857072723596212338e-01 6.973671324182803555e-02 6.146555288793794647e-01 1.243670148880009707e+00 -6.152558384591018392e-02 9.975082431396407046e-01 -3.452643464655114763e-02 -8.179787978416644956e-01 -6.155319110362791335e-01 -1.068935069192285606e-02 7.880394845007377969e-01 5.377563978134138978e+01
7.561057787592938562e-01 7.352800948818107030e-02 6.503056605098117560e-01 1.469425883345225392e+00 -6.464512406126116106e-02 9.972004095004471935e-01 -3.758776311151303118e-02 -8.252903641263954482e-01 -6.512487049470290223e-01 -1.361880277353896308e-02 7.587418117402586759e-01 5.399926075462109054e+01
7.230353632644124229e-01 7.409713307460993881e-02 6.868250153929293944e-01 1.728020156435812194e+00 -6.413105670757143772e-02 9.971368916235435753e-01 -4.006260299550487569e-02 -8.375604933253193440e-01 -6.878268402922611546e-01 -1.508012081591162713e-02 7.257177451120441214e-01 5.422411053353012989e+01
6.867168395820958393e-01 7.139204290108851214e-02 7.234105379247006695e-01 2.022973436036724859e+00 -6.057867725588388097e-02 9.973241396194374442e-01 -4.091811994325693369e-02 -8.618662071104441491e-01 -7.243968011184259703e-01 -1.572410602161741083e-02 6.892040207984667655e-01 5.445997903403546303e+01
6.479163451256781947e-01 6.942408020066381802e-02 7.585411801928900744e-01 2.321953802668823119e+00 -5.811308291670239101e-02 9.974408454384822154e-01 -4.165102137575713709e-02 -8.878233464589938562e-01 -7.594914820840540370e-01 -1.709486907403688985e-02 6.502928094358396693e-01 5.466521067844686144e+01
6.057924494390872772e-01 6.811534908585470394e-02 7.927012128855227546e-01 2.659882697523316519e+00 -5.570799205466270276e-02 9.975143834424141653e-01 -4.314177036516600450e-02 -9.056460034125014547e-01 -7.936701594382326030e-01 -1.802493625144429082e-02 6.080811671184985778e-01 5.488495663544919978e+01
5.601099672454263878e-01 6.771350718477557595e-02 8.256459986969326703e-01 3.004018490707738298e+00 -5.288715501173871236e-02 9.975436937417950789e-01 -4.593307321238310897e-02 -9.323367272201712463e-01 -8.267287540398639001e-01 -1.793849228197027038e-02 5.623153390127787477e-01 5.507086754395711381e+01
5.122422701157248737e-01 6.604902279105227814e-02 8.562970689115415590e-01 3.390594748375755696e+00 -4.980745987680626485e-02 9.976447100226000231e-01 -4.715647649135488312e-02 -9.556314770308304007e-01 -8.573956932114288332e-01 -1.849444523538004009e-02 5.143260198616752543e-01 5.525612535883562515e+01
4.633483086684764829e-01 6.354320658475316741e-02 8.838949514271909891e-01 3.798021394826015307e+00 -4.740153627805127057e-02 9.977754016499849055e-01 -4.688152858963721276e-02 -9.831644534709869099e-01 -8.849074578319168216e-01 -2.017552257192165369e-02 4.653302896815387779e-01 5.543552297711678278e+01
4.138398633538497018e-01 6.033220375728477053e-02 9.083481463304017289e-01 4.210009677339145995e+00 -4.633164917762671448e-02 9.979043789261708985e-01 -4.517192151357847518e-02 -1.010638624097597305e+00 -9.091700874371868579e-01 -2.339131435545278165e-02 4.157677577199793140e-01 5.559120552351627964e+01
3.638357736093725814e-01 5.895309830705290632e-02 9.295954180740111372e-01 4.639485603896739363e+00 -4.716928239773018894e-02 9.978805281232872026e-01 -4.482185698242256017e-02 -1.029218781941197758e+00 -9.302677721832213198e-01 -2.754063610487345742e-02 3.658456982673401470e-01 5.573732963434500221e+01
3.141177765968456437e-01 5.977580441287601298e-02 9.474999178403944455e-01 5.112876353013517061e+00 -4.659871679183825999e-02 9.977835693716243792e-01 -4.749954865122183595e-02 -1.040608469269567848e+00 -9.482392181421406274e-01 -2.923179727817938958e-02 3.162066540315299767e-01 5.586834533363811062e+01
2.666391710485337962e-01 5.652367985307810150e-02 9.621378809996119497e-01 5.595467978868294168e+00 -3.819697497040046991e-02 9.981144105533733546e-01 -4.805166105852062830e-02 -1.087713164031470781e+00 -9.630387337972259321e-01 -2.393826489852497047e-02 2.682954183980928997e-01 5.596521317066312662e+01
2.223751041206671053e-01 5.096874778003618323e-02 9.736285272943338009e-01 6.081242640100958496e+00 -2.497523473052496584e-02 9.986031517972818738e-01 -4.657177759646894538e-02 -1.110089230497481427e+00 -9.746414158724743260e-01 -1.396015683621223101e-02 2.233377440820510373e-01 5.603020639366973654e+01
1.803263115309001741e-01 4.855073217340031416e-02 9.824082144612281686e-01 6.606391799512814522e+00 -1.537653378101294134e-02 9.987986233333099317e-01 -4.653828482082967427e-02 -1.159691366841921978e+00 -9.834868476688763961e-01 -6.713956206485264741e-03 1.808560651357897786e-01 5.608629832296622197e+01
1.416872464226092421e-01 5.056123324562597499e-02 9.886196826788717917e-01 7.133264622334919203e+00 -1.088693185715846126e-02 9.987137030129336068e-01 -4.951723118031286369e-02 -1.161085460758713106e+00 -9.898511813181588570e-01 -3.747075450541597838e-03 1.420550505644571637e-01 5.613611759557482372e+01
1.085122488766150223e-01 5.086115717317405555e-02 9.927933366214813926e-01 7.655585904790740415e+00 -4.106727826511672591e-03 9.987047291849007191e-01 -5.071517787800954719e-02 -1.211304587594107529e+00 -9.940868104048878884e-01 1.426092750613475353e-03 1.085800219384841225e-01 5.616708294976886862e+01
7.923903389101177863e-02 4.919270147775702678e-02 9.956415166038237174e-01 8.209584824406860548e+00 4.849021472042214578e-03 9.987512759360263059e-01 -4.973223475342217204e-02 -1.247442401638585885e+00 -9.968439772743183935e-01 8.768614904345916825e-03 7.890149017296202438e-02 5.618917530678933758e+01
5.407715894975671095e-02 4.774986094618562799e-02 9.973945476654411113e-01 8.763839334080795851e+00 1.045422299816603333e-02 9.987740550976486054e-01 -4.838271726495483455e-02 -1.274809668247345096e+00 -9.984817011376019291e-01 1.304338452343784677e-02 5.351168595259470778e-02 5.619953066516070805e+01
3.374273262287320885e-02 4.645112059563702434e-02 9.983507624937012492e-01 9.342299793794454743e+00 1.694461608471389477e-02 9.987494615758192307e-01 -4.704236024090466262e-02 -1.303977139282667341e+00 -9.992871436081602887e-01 1.850400789611104241e-02 3.291350580130754377e-02 5.620503657107630602e+01
1.753813297630191920e-02 4.737888229143975144e-02 9.987231153479244616e-01 9.926012865390795525e+00 1.884578653446246366e-02 9.986839676845398195e-01 -4.770793353572531231e-02 -1.339332610379480482e+00 -9.996681059455612139e-01 1.965842495179263155e-02 1.662219933915820569e-02 5.620753097993765124e+01
3.854399950095236532e-03 4.767550921862664243e-02 9.988551658863189520e-01 1.051082009022661978e+01 1.990142558388268562e-02 9.986609797890025897e-01 -4.774304593457599777e-02 -1.371734419898175572e+00 -9.997940484011950124e-01 2.006267067696026682e-02 2.900430260902255811e-03 5.620205801695826153e+01
-7.770624453073452301e-03 4.866116005836593900e-02 9.987855042692391772e-01 1.111316989437843716e+01 2.022231140026000198e-02 9.986189459930283618e-01 -4.849568389866112939e-02 -1.391648609235333733e+00 -9.997653650492753785e-01 1.982090168001568453e-02 -8.743931539954863733e-03 5.618964293765928630e+01
-1.628794271772279062e-02 5.121779721449693651e-02 9.985546509925858905e-01 1.172667909241770978e+01 2.483845582738326146e-02 9.983996532797552170e-01 -5.080472625966470784e-02 -1.438002545541253507e+00 -9.995590983436426491e-01 2.397504946341528706e-02 -1.753411056203242960e-02 5.616660880948050760e+01
-2.391551905045056700e-02 5.273698481007439015e-02 9.983220494326024985e-01 1.234711686000469477e+01 2.881442371226967947e-02 9.982294731838752266e-01 -5.204174438962354959e-02 -1.487539401126568350e+00 -9.992982939689584176e-01 2.752140461690127937e-02 -2.539275413342464635e-02 5.614888665753977648e+01
-2.869008038573436434e-02 5.260749378427434508e-02 9.982030602905946903e-01 1.297918856090852380e+01 2.935746607880314329e-02 9.982275463463334830e-01 -5.176495421407611985e-02 -1.517131401415985570e+00 -9.991572485461422959e-01 2.781952090788447629e-02 -3.018366596059920970e-02 5.612651964956195627e+01
-3.243764977370205971e-02 4.958840450011816475e-02 9.982428892136252507e-01 1.362511653643239029e+01 2.751868226421893410e-02 9.984341064175018543e-01 -4.870369235727491086e-02 -1.551882772381292686e+00 -9.990952557364032316e-01 2.589051366399185150e-02 -3.375145664379976956e-02 5.610723989507736320e+01
-3.480427340424231686e-02 4.316148628073126353e-02 9.984613891185771806e-01 1.430983770901182162e+01 2.551241194873012097e-02 9.987799349745578592e-01 -4.228591100383984058e-02 -1.584765173375108915e+00 -9.990680645571581309e-01 2.400142693149899184e-02 -3.586296157031548110e-02 5.608877713740643145e+01
-3.632413414874710589e-02 3.722283803835526456e-02 9.986469508913220494e-01 1.498842354239618935e+01 2.586485874024008549e-02 9.990064317765695590e-01 -3.629543390818163601e-02 -1.625124825501383263e+00 -9.990054774715072528e-01 2.451141525936012533e-02 -3.725079762782236570e-02 5.606560523460395729e+01
-3.681699561158068706e-02 3.462762713129143022e-02 9.987220385787408672e-01 1.566963148172740183e+01 2.835056269164904635e-02 9.990334036800089246e-01 -3.359330487663376302e-02 -1.658419206408276336e+00 -9.989198706096292790e-01 2.707757381539061328e-02 -3.776310806842816947e-02 5.603575707926547267e+01
-3.665880535498620280e-02 3.637780882976193730e-02 9.986655671565836112e-01 1.635921897057799512e+01 3.216300566514759124e-02 9.988619740185541440e-01 -3.520428181913321658e-02 -1.696066935717641888e+00 -9.988101131025076684e-01 3.082953142004470418e-02 -3.778716866356789106e-02 5.600639012920834148e+01
-3.555021746439659958e-02 4.375547604175079180e-02 9.984100763854433236e-01 1.706739067020274803e+01 3.310087392861823380e-02 9.985447068395384429e-01 -4.258272385004519683e-02 -1.732030856887477821e+00 -9.988196516857892338e-01 3.153433738870481395e-02 -3.694678937514186273e-02 5.597442635870196170e+01
-3.333280905061066640e-02 5.080449018432253022e-02 9.981523743187774578e-01 1.776839404623752117e+01 3.302835766189541472e-02 9.982179800704567008e-01 -4.970485678151379677e-02 -1.776406834347575403e+00 -9.988978982331668810e-01 3.131051972045942322e-02 -3.495147101984598381e-02 5.595409130535463760e+01
-3.126928157004881664e-02 5.251899649436295170e-02 9.981304389868765892e-01 1.849364742951193463e+01 3.296270696960688223e-02 9.981293829428720121e-01 -5.148623086914298763e-02 -1.823310430113906255e+00 -9.989674203253009477e-01 3.129122289893146447e-02 -3.294200137282306956e-02 5.594113169796784035e+01
-2.937143731472002806e-02 4.821719705115858762e-02 9.984049974447913867e-01 1.922493529766100551e+01 3.348260211200892317e-02 9.983226403631833001e-01 -4.722818909512545293e-02 -1.858802320197020297e+00 -9.990074848670861263e-01 3.204203528967870113e-02 -3.093660304846316753e-02 5.592197942511781861e+01
-2.693008534787525582e-02 4.209287496312677512e-02 9.987510027087577180e-01 1.996186636530158154e+01 3.383966865752646019e-02 9.985786859380588742e-01 -4.117319593864048749e-02 -1.892160450366839441e+00 -9.990645170560134014e-01 3.268855775223642596e-02 -2.831620059018366553e-02 5.590531022094629066e+01
-2.440818245334193740e-02 3.977839564546301748e-02 9.989102868397030655e-01 2.069690686125940005e+01 3.255625617931588722e-02 9.987097041631644023e-01 -3.897486335105026373e-02 -1.919890662207596854e+00 -9.991716376593533511e-01 3.156943552057337593e-02 -2.567172170982242804e-02 5.589350193594819416e+01
-2.067667342792151378e-02 4.540231905735911400e-02 9.987545280596822339e-01 2.142586651703113176e+01 3.845972739807229646e-02 9.982648064418083722e-01 -4.458386239934630790e-02 -1.989994437871216437e+00 -9.990461547781999130e-01 3.748997739004103491e-02 -2.238693301388683041e-02 5.586657681277786480e+01
-1.729145818056266465e-02 5.008101959705916345e-02 9.985959357298652694e-01 2.215365019947176961e+01 4.125774049477113486e-02 9.979295899952891347e-01 -4.933317643535332919e-02 -2.038428571912740406e+00 -9.989987977919686513e-01 4.034673441263440796e-02 -1.932183181472640551e-02 5.585337650325314485e+01
-1.490893123941507484e-02 5.088180873102071677e-02 9.985939083215912282e-01 2.289004065974570068e+01 3.529504058093227425e-02 9.981084186039685946e-01 -5.033023361278138319e-02 -2.064169578671956273e+00 -9.992658325643616335e-01 3.449497310467651567e-02 -1.667658736455349816e-02 5.585433204880906999e+01
-1.179209103434638271e-02 4.825238758558263868e-02 9.987661227912048023e-01 2.362706492537810732e+01 3.046987493273872055e-02 9.983889829028148588e-01 -4.787447806971192876e-02 -2.094080347150114374e+00 -9.994657268966897767e-01 2.986773662227121609e-02 -1.324329186846834663e-02 5.585854711118352611e+01
-7.389836280048457835e-03 4.379585211288975627e-02 9.990133912014701467e-01 2.436641581788226674e+01 3.336587250083589140e-02 9.984950877765570443e-01 -4.352632718952650914e-02 -2.161579925063021435e+00 -9.994162192057265415e-01 3.301131901704821431e-02 -8.840001496508617315e-03 5.585699171063310331e+01
-3.776644726233190780e-03 4.410125452442614086e-02 9.990204749847739762e-01 2.510826642217532978e+01 3.801116094245851618e-02 9.983109389164172010e-01 -4.392633392006387028e-02 -2.227591628010353819e+00 -9.992698376848471176e-01 3.780796579762073228e-02 -5.446604190183954378e-03 5.585265134900608075e+01
