1.000000000000000000e+00 0.000000000000000000e+00 -5.421010862427522170e-20 -7.589415207398531038e-19 0.000000000000000000e+00 1.000000000000000000e+00 1.525506338004994911e-18 6.938893903907228378e-18 0.000000000000000000e+00 -3.557538378468061424e-19 1.000000000000000000e+00 0.000000000000000000e+00
9.999960019137513756e-01 2.676952151414080730e-03 -1.882014382778297553e-05 -2.657995503353660638e-03 -2.676915916612112797e-03 9.999959989274652683e-01 1.247572211157616092e-03 -1.710159780001983820e-02 2.215989374647456310e-05 -1.247512431153435103e-03 9.999989991587832083e-01 7.645749574278400962e-01
9.999939965148895160e-01 3.472205195324387650e-03 5.902156650438096811e-04 -1.341927788688443250e-02 -3.472879948816042991e-03 9.999930195393000876e-01 1.124321711816329145e-03 -2.251922300922516718e-02 -5.863077228618567395e-04 -1.126359284433412974e-03 9.999989839458104379e-01 1.524672963821512406e+00
9.999879907726784145e-01 4.863406961333985312e-03 1.143563461940573902e-03 -9.851261236197381144e-03 -4.864951958350708858e-03 9.999870514095419161e-01 1.342217762660916991e-03 -4.618972160475585953e-02 -1.137019026537900747e-03 -1.347758038201984877e-03 9.999979578177796702e-01 2.271801115981888053e+00
9.999789893986646971e-01 6.425254972229073325e-03 1.272609377131783985e-03 -1.713388796153822446e-02 -6.427152644545132756e-03 9.999780723856933617e-01 1.485434029675360363e-03 -4.945069694944213140e-02 -1.263039596785230263e-03 -1.493578128733592976e-03 9.999979382156419794e-01 3.006540343558714579e+00
9.999769903901961632e-01 6.656291444385785058e-03 1.193310300535618471e-03 -2.242135002620372977e-02 -6.658097538679047522e-03 9.999770698169655470e-01 1.531151370808047371e-03 -6.473886952036603248e-02 -1.183085982206595306e-03 -1.539045227853584261e-03 9.999979397928384639e-01 3.722359429585218038e+00
9.999779753656350412e-01 6.373153539045417135e-03 2.099349714585348713e-03 -2.540077829498594772e-02 -6.376890096247195619e-03 9.999781247585705080e-01 1.777082802376246315e-03 -7.965970591210050356e-02 -2.087976060570416372e-03 -1.790421369891712468e-03 9.999958998757946249e-01 4.421195853201044912e+00
9.999729273051318756e-01 6.945001980859335719e-03 2.344114463989779764e-03 -2.962608491544321473e-02 -6.956060509924252150e-03 9.999642023657497880e-01 4.742144743955285617e-03 -9.680656936456535910e-02 -2.311099059448948854e-03 -4.758322103011762040e-03 9.999858703291183426e-01 5.096779480608717883e+00
9.999687960071971249e-01 6.907418967066484422e-03 3.777401016740961591e-03 -3.347564939448720300e-02 -6.936022815488530890e-03 9.999474130401986294e-01 7.615703034720974068e-03 -1.072567074164993833e-01 -3.724595859250502596e-03 -7.641669052310873754e-03 9.999637909526041257e-01 5.752807784774273792e+00
9.999676194286309938e-01 6.398013856923357931e-03 4.894206629532258691e-03 -3.127720635786300496e-02 -6.449586459829671076e-03 9.999226341477800428e-01 1.059485982227411846e-02 -1.193199145538517830e-01 -4.826045377249358649e-03 -1.062602760972204685e-02 9.999317464235887298e-01 6.391686483819905895e+00
9.999634293362832382e-01 6.050622152179465502e-03 6.124899226378267315e-03 -2.598062650015951769e-02 -6.126291634902098632e-03 9.999038707466404441e-01 1.240997466483827021e-02 -1.301270884809930251e-01 -6.049219639515347573e-03 -1.244707582485653739e-02 9.999046999170763117e-01 6.996937386252363389e+00
9.999542253929116775e-01 5.671913361274512691e-03 7.708335058198277114e-03 -2.394477183421186983e-02 -5.772777732451606081e-03 9.998971242254772740e-01 1.312593155656345024e-02 -1.388430921759054859e-01 -7.633093616552787640e-03 -1.316981459896349529e-02 9.998836503816111998e-01 7.579363299813838495e+00
9.999412438891019939e-01 6.790258911895594163e-03 8.469958934393931674e-03 -2.306645267219923495e-02 -6.888935982598300145e-03 9.999082069061318023e-01 1.167606518336715589e-02 -1.547052710840104983e-01 -8.389891043208768176e-03 -1.173370158497129452e-02 9.998955492047660876e-01 8.130798188201946886e+00
9.999373964623109456e-01 6.691259361860804958e-03 8.973866600447010303e-03 -2.102863748367382948e-02 -6.769500855096808808e-03 9.999390639523911828e-01 8.715954231631045657e-03 -1.611601077306769048e-01 -8.914998245464279478e-03 -8.776156784663516688e-03 9.999215395852976140e-01 8.644401545385662189e+00
9.999264243136539720e-01 5.832947872123779229e-03 1.063236864266678232e-02 -1.417288976478250223e-02 -5.906398385614590810e-03 9.999590444918845522e-01 6.891211100052997522e-03 -1.724830404742583312e-01 -1.059170833564392414e-02 -6.953501354694855904e-03 9.999195311944613085e-01 9.146031793029495205e+00
9.999134453057315630e-01 3.283312616305260334e-03 1.271516907281542916e-02 -2.989720339958559965e-03 -3.352522569232359306e-03 9.999798705333843296e-01 5.426199056997201703e-03 -1.860107746700953302e-01 -1.269712239583756924e-02 -5.468360878205957842e-03 9.999046841608840719e-01 9.610915316741927228e+00
9.998914518815682495e-01 1.165906661653200518e-03 1.470333518004924428e-02 4.874305135780820399e-03 -1.233284629394109169e-03 9.999886834761991805e-01 4.574154007910577989e-03 -2.019131846521563245e-01 -1.469788217098427253e-02 -4.591805183940009943e-03 9.998818646422324985e-01 1.005433736484260443e+01
9.998496161352390388e-01 4.132057839195754298e-03 1.684720136709048563e-02 5.031588450284400077e-03 -4.179171397276609801e-03 9.999879004875691368e-01 2.763101446798546523e-03 -2.017683510964441151e-01 -1.683561496106722108e-02 -2.833083254962394642e-03 9.998544833771916274e-01 1.045911470860180081e+01
9.997766644977733597e-01 7.294011805910428220e-03 1.983992274392038652e-02 1.272443233419590786e-02 -7.334927359216394244e-03 9.999713969777986877e-01 1.990168459426795277e-03 -2.130798794870508994e-01 -1.982488532869029069e-02 -2.135246463786024708e-03 9.998009385244278624e-01 1.084172841393746545e+01
9.997055300040725845e-01 8.047439103343972250e-03 2.288177195805131750e-02 1.757697583479599784e-02 -8.104819362024739265e-03 9.999638228758562786e-01 2.415857894072909011e-03 -2.157404598928301109e-01 -2.286147483851852860e-02 -2.600615415243436555e-03 9.997356471200709027e-01 1.119553532089632064e+01
9.996423838700229103e-01 5.453707382036234591e-03 2.618605369876702768e-02 3.508230923636364296e-02 -5.528221510375692926e-03 9.999806766963790228e-01 2.773943919254647297e-03 -2.291925451696248672e-01 -2.617047728800841327e-02 -2.917715738526163380e-03 9.996529394335981200e-01 1.151165747952551577e+01
9.995782210538880497e-01 9.906711089042903595e-04 2.903315445821005175e-02 5.094029652410764220e-02 -1.083916123850716881e-03 9.999940197116972129e-01 3.195821968808814154e-03 -2.379722608731246747e-01 -2.902981916489970338e-02 -3.225948207799601061e-03 9.995737592344148270e-01 1.180421992386007624e+01
9.995069199373673996e-01 -2.653175792145676982e-03 3.127706478913262061e-02 6.795393431984630972e-02 2.524099985746832385e-03 9.999885171151533525e-01 4.166054375969769838e-03 -2.476028097709032372e-01 -3.128779850146375802e-02 -4.085061052883285498e-03 9.995025629474793005e-01 1.206395352278842026e+01
9.994376171552635801e-01 -3.575096377772726125e-03 3.332788247289446282e-02 7.479393837528577893e-02 3.409469147377571126e-03 9.999815648157400760e-01 5.025238921732572660e-03 -2.451796122426783686e-01 -3.334520220319071859e-02 -4.908784055755756152e-03 9.994318180289962772e-01 1.229688264647006335e+01
9.993617226567014233e-01 -2.611310069486872353e-03 3.562754250363212027e-02 8.255423351771228047e-02 2.458999168757502671e-03 9.999876543981883747e-01 4.318186301029107790e-03 -2.500238774794564800e-01 -3.563838602379231640e-02 -4.227815736473157851e-03 9.993556229451103778e-01 1.249673853351589869e+01
9.992768573746957372e-01 -1.608667243705802323e-03 3.799049862988835430e-02 8.720164778274852591e-02 1.473417238028179935e-03 9.999927557499894704e-01 3.587919254026131471e-03 -2.574439789499259890e-01 -3.799598506437504297e-02 -3.529334393114202505e-03 9.992713868753148043e-01 1.268587478533843260e+01
9.991830460128858782e-01 -1.354394947665170379e-04 4.042114408799757364e-02 9.423175779663219009e-02 2.397110539092452142e-05 9.999959734535012190e-01 2.757931838542443739e-03 -2.642728216107911865e-01 -4.042131544153503009e-02 -2.754707387806211959e-03 9.991789805336128705e-01 1.286031508480262531e+01
9.991012712396413198e-01 1.970234026910050104e-03 4.235166882284562007e-02 9.629283644384177554e-02 -2.053454935414415761e-03 9.999963918487229098e-01 1.921552881827222553e-03 -2.707004134854950617e-01 -4.234775608200398028e-02 -2.006798293833468583e-03 9.991013369116358289e-01 1.302636905385488042e+01
9.990455931926196520e-01 3.278497152652132263e-03 4.356531489608278518e-02 9.816064929081012858e-02 -3.321429349541257792e-03 9.999944943896733607e-01 9.130746962757922778e-04 -2.770559317871181260e-01 -4.356208665379492084e-02 -1.056893258111639856e-03 9.990499124177070200e-01 1.318395070092334542e+01
9.989650366446706231e-01 3.189407667909155072e-03 4.536242349873348401e-02 1.123385656422757756e-01 -3.176560846710585473e-03 9.999950578163921966e-01 -3.549183218311514291e-04 -2.827851355539985345e-01 -4.536330605984172787e-02 2.104515153083860311e-04 9.989709055389371928e-01 1.333143386180003098e+01
9.988905116509388948e-01 2.345859904385835804e-03 4.703482443227213761e-02 1.246982380270502261e-01 -2.273440038600475083e-03 9.999963277398282724e-01 -1.593275338675302763e-03 -2.894236519555272169e-01 -4.703840120589496132e-02 1.484575197973719797e-03 9.988921606092326932e-01 1.347921304443504376e+01
9.988259875536524834e-01 1.331436685322626851e-03 4.842082275928309004e-02 1.329220282516152263e-01 -1.199592933370359493e-03 9.999955135780100868e-01 -2.751850579840846907e-03 -2.942019135735942648e-01 -4.842429938350324009e-02 2.690532484251493325e-03 9.988234988683373228e-01 1.361530961196296552e+01
9.987613895452491786e-01 1.917512377281722913e-03 4.971558082950990054e-02 1.363146908555145087e-01 -1.735257494818859964e-03 9.999913263994483215e-01 -3.708899002440633075e-03 -2.960477841968732760e-01 -4.972224206713791311e-02 3.618032842566282561e-03 9.987562840553024790e-01 1.374691544396887366e+01
9.986943046170556615e-01 2.538610098592136363e-03 5.102730073896460938e-02 1.407474163858302429e-01 -2.242240706914516019e-03 9.999806362710833563e-01 -5.864396032451608259e-03 -2.950518415625094093e-01 -5.104120651882956827e-02 5.742326961019972656e-03 9.986800591118608628e-01 1.387120544818585088e+01
9.986402115664169132e-01 2.731919421796581357e-03 5.205842183173482046e-02 1.473268877604462235e-01 -2.322650862303465499e-03 9.999657985565827412e-01 -7.920734416030018182e-03 -2.993270619635811647e-01 -5.207820829274265040e-02 7.789042938630133181e-03 9.986129898770002011e-01 1.399445807194743807e+01
9.985990487208699085e-01 2.482305956548436568e-03 5.285840223515472086e-02 1.563471352801022451e-01 -1.969117155253866450e-03 9.999508620927138880e-01 -9.758547552979697851e-03 -3.073325335164248107e-01 -5.287994670944055203e-02 9.640797620720079064e-03 9.985540891864160828e-01 1.411917692646094302e+01
9.986267594031930095e-01 1.324697859635544719e-03 5.237673227308194124e-02 1.627519080341263968e-01 -7.244869577967046753e-04 9.999336918677473873e-01 -1.147686552886211138e-02 -3.103147673405854956e-01 -5.238844513636894962e-02 1.142321734125329585e-02 9.985615487290595560e-01 1.424826386685773549e+01
9.987250713792816814e-01 1.006546144201517570e-03 5.046448281416365811e-02 1.600787560706460888e-01 -3.688052307595415108e-04 9.999202393113463261e-01 -1.264502395658386770e-02 -3.188271363518501711e-01 -5.047317264310249851e-02 1.261033258300606891e-02 9.986456893093720311e-01 1.437132071306965386e+01
9.988740181030036913e-01 5.235131746065078279e-04 4.743178513112884104e-02 1.659514446584387515e-01 1.060250993946774273e-04 9.999121084428100881e-01 -1.326883593964688947e-02 -3.125794295370582510e-01 -4.743462391827869135e-02 1.325896482461278759e-02 9.987858734541860128e-01 1.449697983694084513e+01
9.990449221961328341e-01 1.154782690133472969e-03 4.366834252873461747e-02 1.682921554059373659e-01 -5.380551204165629625e-04 9.999003869792022492e-01 -1.413177711151147702e-02 -3.137050667503478718e-01 -4.368028315597383832e-02 1.409480686996856039e-02 9.989456908246647782e-01 1.462901243877460189e+01
9.992734722113729706e-01 1.496052748959510181e-03 3.808756980092524447e-02 1.638266369382247178e-01 -9.365780043003191918e-04 9.998918900624261807e-01 -1.470256100076446602e-02 -3.148280342603608228e-01 -3.810537975423172047e-02 1.465624935034131465e-02 9.991666377262008458e-01 1.475627182631335721e+01
9.995108805872874314e-01 1.581077809064123166e-03 3.124391662775571205e-02 1.617423830236728588e-01 -1.096659820804668853e-03 9.998794364227227005e-01 -1.551552154002624334e-02 -3.188371528386068077e-01 -3.126461625571392428e-02 1.547363664250299420e-02 9.993916829899897047e-01 1.488293989535347706e+01
9.997061228976931169e-01 1.727254187853783859e-03 2.416793905442255613e-02 1.586960597149536800e-01 -1.338021923765706292e-03 9.998691483715969053e-01 -1.611206236038822959e-02 -3.218359510350982111e-01 -2.419257324568727455e-02 1.607491378914095020e-02 9.995777287307099357e-01 1.501449500874736565e+01
9.998672071109682147e-01 1.661710674764345363e-03 1.619401586218925659e-02 1.538504885067262795e-01 -1.387143459347661006e-03 9.998549652806815180e-01 -1.695139610844077424e-02 -3.198406825628511418e-01 -1.621987034099614880e-02 1.692677559260787404e-02 9.997248276083503526e-01 1.514630024279189158e+01
9.999779332923629527e-01 1.528433406351835042e-03 6.517903189842629702e-03 1.493646498293926816e-01 -1.412484354318444685e-03 9.998411257827419796e-01 -1.775831696588470870e-02 -3.218285456834351077e-01 -6.544011935850617238e-03 1.774867344487649976e-02 9.998209409248950408e-01 1.528348035152545314e+01
9.999789960550630186e-01 5.066572802978584755e-05 -6.448640463833936812e-03 1.375991575794393851e-01 -1.761329238670374109e-04 9.998109989950721976e-01 -1.945879619547420322e-02 -3.172398885585360206e-01 6.446436463710587123e-03 1.945956132779922895e-02 9.997900049498646968e-01 1.544506360727903527e+01
9.997441531743912480e-01 -4.389733522619509998e-04 -2.260530798885630396e-02 1.197192417547590926e-01 -3.705530564376662006e-05 9.997778964551954362e-01 -2.105338483128187804e-02 -3.224000179941970967e-01 2.260951527672384886e-02 2.104880026797163739e-02 9.995229503704131657e-01 1.560094098712002797e+01
9.991243176334851928e-01 -5.290515622966354692e-05 -4.183239589223912425e-02 8.867951804355114764e-02 -8.921920742477242733e-04 9.997445995896758753e-01 -2.257350023889647533e-02 -3.275826683608929479e-01 4.182289503924766644e-02 2.259113700731755006e-02 9.988700827768387525e-01 1.577364512533318042e+01
9.979742856996260958e-01 1.259442578587979117e-04 -6.361312513620490106e-02 5.877718086834762129e-02 -1.560093971249209774e-03 9.997454288566671732e-01 -2.249569629195059817e-02 -3.310393526968865574e-01 6.359405104698924449e-02 2.254937412538726357e-02 9.977212854437069733e-01 1.596775820263782109e+01
9.962014754033509112e-01 1.469821314492667647e-04 -8.708001721229528813e-02 1.842200699891974325e-02 -2.037873348642084761e-03 9.997640309449561391e-01 -2.162593284984743250e-02 -3.350997534823518254e-01 8.705628948123886324e-02 2.172119590144321044e-02 9.959664936516929856e-01 1.616177018978266133e+01
9.935437167677625414e-01 1.120566369358417039e-03 -1.134427382579386023e-01 -2.998627974756488956e-02 -3.453401269660649753e-03 9.997867293566372604e-01 -2.036974516816364433e-02 -3.451688867575856690e-01 1.133950634959982606e-01 2.062995441949415365e-02 9.933355538756003522e-01 1.638910633970132125e+01
9.896181358734504885e-01 2.039867517099397051e-03 -1.437049649815442254e-01 -9.048474619176155587e-02 -4.782791987797671562e-03 9.998128316064711640e-01 -1.874424838824276587e-02 -3.551609290398309304e-01 1.436407766785367801e-01 1.923698284994324742e-02 9.894430325200783694e-01 1.661990892082453186e+01
9.842563249270643855e-01 2.642554109010717203e-03 -1.767284663566139891e-01 -1.590739103567381796e-01 -5.441942583199204167e-03 9.998672821925608245e-01 -1.535720592115604258e-02 -3.709708172793441117e-01 1.766641277801699328e-01 1.607725984871792232e-02 9.841393928803745528e-01 1.688289521172904628e+01
9.769922206919022800e-01 3.247754672629884348e-03 -2.132496596933770583e-01 -2.471606382906047505e-01 -6.001172372140008843e-03 9.999067652113629023e-01 -1.226564989817048590e-02 -3.755856910062477794e-01 2.131900824479719403e-01 1.326314796871131199e-02 9.769210140967345968e-01 1.714467189217676335e+01
9.674421791712094487e-01 4.647637276332777442e-03 -2.530483876890556316e-01 -3.501157106679405606e-01 -6.586908342455453577e-03 9.999550812913924336e-01 -6.817001955835704473e-03 -3.917242905156481658e-01 2.530052316037196269e-01 8.261902986681763858e-03 9.674297395373978592e-01 1.738912313041851121e+01
9.556210589669273947e-01 8.691959984678141946e-03 -2.944709289275516673e-01 -4.814758930669598147e-01 -9.807992029465509645e-03 9.999491480143407607e-01 -2.313282093037376252e-03 -3.923765226708884057e-01 2.944362060305990569e-01 5.098785246715158495e-03 9.556577930187318826e-01 1.767405363001091700e+01
9.417509975187045024e-01 1.251557398847308669e-02 -3.360779097537375804e-01 -6.251061399997931423e-01 -1.253866481585010420e-02 9.999187554884219065e-01 2.101614104281751983e-03 -3.952981627350464211e-01 3.360770249760245409e-01 2.234745829639556060e-03 9.418322469928736007e-01 1.795609169057686216e+01
9.253985899185325215e-01 1.562711280406349143e-02 -3.786741973299912467e-01 -7.817610465177745604e-01 -1.396336961858316364e-02 9.998773342859056390e-01 7.139401171384690374e-03 -3.993216592971754464e-01 3.787395854280513618e-01 -1.319236754747684162e-03 9.255020757955618738e-01 1.822616862803550575e+01
9.062026213511085171e-01 1.883302056055483759e-02 -4.224237686838185901e-01 -9.700553882947460238e-01 -1.404752924177261539e-02 9.997967537184397901e-01 1.443879611649465447e-02 -4.041719869203219129e-01 4.226102876868124136e-01 -7.150427775695232004e-03 9.062836249304518921e-01 1.853169653375534054e+01
8.846776054566682923e-01 2.274701901295436701e-02 -4.656492451076303385e-01 -1.169375050176810094e+00 -1.458062901089194827e-02 9.996699594450488835e-01 2.113256792071548096e-02 -4.071745124114475312e-01 4.659762771062456177e-01 -1.190609510932700600e-02 8.847174350982827118e-01 1.882450963710278558e+01
8.601615372209346910e-01 2.740201082104876118e-02 -5.092848468534166839e-01 -1.385423348162884372e+00 -1.707299943368150580e-02 9.995430204214312830e-01 2.494470917173970126e-02 -4.040685085840364787e-01 5.097355562993980405e-01 -1.276144550525304400e-02 8.602364423576341901e-01 1.909444334299195489e+01
8.324036546691412353e-01 3.129354614310721899e-02 -5.532847383950861841e-01 -1.634686545627789256e+00 -1.875225702408642864e-02 9.994232011083897804e-01 2.831453002717687628e-02 -4.084672556741966165e-01 5.538519456264534568e-01 -1.319383158435407863e-02 8.325111442224688574e-01 1.938901774590202010e+01
8.022435605926960811e-01 3.461191367307358407e-02 -5.959933282420836198e-01 -1.896444130955216245e+00 -2.035820016793501649e-02 9.993237499863292239e-01 3.063163167577221194e-02 -4.041290916337030859e-01 5.966492379986571004e-01 -1.244066421433653001e-02 8.024056894209745661e-01 1.965291483248496363e+01
7.690246866650322088e-01 3.773588853730133752e-02 -6.381045102143224623e-01 -2.188058252514102797e+00 -2.159430893560952344e-02 9.992201164678020664e-01 3.306658854238701123e-02 -3.961140995458894420e-01 6.388542881829695208e-01 -1.164962626655772007e-02 7.692391968671657976e-01 1.993165190914917062e+01
7.324204554502540265e-01 4.085423550041759888e-02 -6.796262860537948258e-01 -2.503537352548863115e+00 -2.271804218601194969e-02 9.991087359099738441e-01 3.557644507474067713e-02 -3.720630298961702387e-01 6.804738723226687602e-01 -1.061716148214707049e-02 7.326958086397722392e-01 2.019923376102351398e+01
6.937411425419439670e-01 4.309189542443861431e-02 -7.189346818294088948e-01 -2.818499844152131839e+00 -2.171835736783837845e-02 9.990065285889023761e-01 3.892180906615444469e-02 -3.563632780063988870e-01 7.198968983114888420e-01 -1.138756825998595013e-02 6.939873288691539299e-01 2.044959665846488406e+01
6.535927925644777758e-01 4.380256607930062274e-02 -7.555774177197842612e-01 -3.185972690285835185e+00 -1.942851536414561681e-02 9.989659960345163014e-01 4.110622740275398507e-02 -3.445360623412294654e-01 7.565967225539161900e-01 -1.218694612889120038e-02 6.537682114010060497e-01 2.072278169191797659e+01
6.113887814840837098e-01 4.380712531102445156e-02 -7.901165789919285531e-01 -3.572441647408009846e+00 -1.600156083714440389e-02 9.989470691291217896e-01 4.300357848270425914e-02 -3.337322615657079550e-01 7.911681228703718594e-01 -1.364871820757830242e-02 6.114461493867944242e-01 2.097549191093303733e+01
5.672917445260378111e-01 4.351161606067296267e-02 -8.223667910325561659e-01 -3.969667393909297459e+00 -1.114879083313969135e-02 9.989170494544461487e-01 4.516221546951911664e-02 -3.246449252099552485e-01 8.234416857903072984e-01 -1.645177145708754882e-02 5.671632060195157532e-01 2.120342034112615082e+01
5.209784895111218006e-01 4.489014849853641131e-02 -8.523885076389661197e-01 -4.423892855806473179e+00 -8.970546367269233504e-03 9.988488559551950141e-01 4.712054662069904004e-02 -3.075848709909921874e-01 8.535227822687708743e-01 -1.690243343027850870e-02 5.207816545336831915e-01 2.143481935510423142e+01
4.720368740412254072e-01 4.522809219438171657e-02 -8.804182066032545384e-01 -4.870046165828482820e+00 -7.503120267811309863e-03 9.988532393595147552e-01 4.728938325002055021e-02 -2.765065076035634339e-01 8.815467345804367527e-01 -1.571639531083905000e-02 4.718338865992597886e-01 2.162443289476068742e+01
4.201406182051542482e-01 4.428016753666412508e-02 -9.063778622022954368e-01 -5.364994812752702735e+00 -3.318426350360354632e-03 9.988775364470975360e-01 4.726089787345100907e-02 -2.572033214846043969e-01 9.074531895357725864e-01 -1.684846299379245266e-02 4.198158453477481844e-01 2.181563508073762492e+01
3.666626698178814259e-01 4.395673934869098742e-02 -9.293147411891042875e-01 -5.867675266963440883e+00 1.281129944636862431e-03 9.988580503431113700e-01 4.775164685146862653e-02 -2.486783783822219540e-01 9.303535479049162005e-01 -1.869931824119827959e-02 3.661872798390071182e-01 2.198321606576294585e+01
3.130950883397208839e-01 4.357919720172021005e-02 -9.487218396612364657e-01 -6.383561028199661536e+00 4.126087016526768306e-03 9.988751009687731885e-01 4.724465647849875743e-02 -2.392545143653536932e-01 9.497129873177487802e-01 -1.870660636177229330e-02 3.125638106915058501e-01 2.210556935856826044e+01
2.599624960355292336e-01 4.803625626800270970e-02 -9.644230662224128059e-01 -6.957093645388009229e+00 4.345543343511578879e-03 9.986938265150941962e-01 5.091450031876031124e-02 -1.920351354672274191e-01 9.656087520557040671e-01 -1.742674174713298996e-02 2.594136774493766007e-01 2.222777826203323315e+01
2.087097452915423201e-01 5.331780504806123144e-02 -9.765236994896691058e-01 -7.548420018350482152e+00 6.918935468545734518e-03 9.984070316914004373e-01 5.599144747281546014e-02 -1.599222527135140681e-01 9.779527789343849253e-01 -1.844245250534087138e-02 2.080082230170570978e-01 2.231592547493471557e+01
1.605977485659585147e-01 5.519656549872659773e-02 -9.854754659194637778e-01 -8.120322305466581625e+00 1.272646516676394571e-02 9.982367476022436792e-01 5.798532741883718339e-02 -1.449991635556135139e-01 9.869376796456087453e-01 -2.185389027425141406e-02 1.596115038317977852e-01 2.238755590513785876e+01
1.158119014918524425e-01 5.604541514260795443e-02 -9.916887959806723885e-01 -8.760808297679176349e+00 1.510413275468105651e-02 9.981915434155769207e-01 5.817678175057133805e-02 -1.180915223685620880e-01 9.931566624907789409e-01 -2.171616277900094427e-02 1.147565550925706973e-01 2.244559962125403985e+01
7.597823200234771202e-02 5.567481503631638295e-02 -9.955543002396737284e-01 -9.389292294980503328e+00 1.572915147182050999e-02 9.982490336962153155e-01 5.702601086917107737e-02 -8.880131458005301182e-02 9.969850269722762004e-01 -1.999203132443489600e-02 7.496943430143704346e-02 2.246319540266420134e+01
3.963384727576264172e-02 5.215785539302436602e-02 -9.978518206115211120e-01 -1.005465334084608919e+01 1.261110807340833084e-02 9.985308427353677407e-01 5.269418824867439649e-02 -6.848275369992849748e-02 9.991346688377519270e-01 -1.467248222917690026e-02 3.891780998886965048e-02 2.245931442894748642e+01
1.099461533312287749e-02 5.131216565407321906e-02 -9.986218161775116675e-01 -1.072294809769828028e+01 1.044517590805019158e-02 9.986221885177845037e-01 5.142723623316595993e-02 -3.161705037213671798e-02 9.998852110771133672e-01 -1.099620162951962972e-02 1.044349614909265145e-02 2.245115618224339116e+01
-1.044356630204666680e-02 5.487237046580789590e-02 -9.984393021166608762e-01 -1.143971579589289433e+01 9.339205160369568048e-03 9.984545309326434692e-01 5.477551202273137076e-02 3.363019830807584265e-03 9.999021560153246169e-01 -8.752581653825849961e-03 -1.093996463059676051e-02 2.242868090084704491e+01
-2.339231596706391886e-02 6.073430722232489587e-02 -9.978795434013035814e-01 -1.217169560869713862e+01 1.069614453570652025e-02 9.981110468015823578e-01 6.049757977936995323e-02 4.609399155066367521e-02 9.996690526671949684e-01 -9.258279990328058609e-03 -2.399773083451840761e-02 2.239854392580827280e+01
-3.131132123006537954e-02 6.365031445345951944e-02 -9.974811802049261544e-01 -1.291777580019597060e+01 1.149580805640444160e-02 9.979272134631245184e-01 6.331792963327896595e-02 8.166134817369748167e-02 9.994434987490670164e-01 -9.484276445240190020e-03 -3.197809223305920351e-02 2.236416602204488058e+01
-3.588947050943515349e-02 6.147132665950871128e-02 -9.974630822145817977e-01 -1.368333139381422114e+01 1.138751907770232767e-02 9.980669608746385313e-01 6.109878801481320038e-02 1.123856084503056796e-01 9.992910249176549797e-01 -9.165870199864567178e-03 -3.652009036520331708e-02 2.232860686432039543e+01
-3.521454927026567566e-02 5.714891420646944081e-02 -9.977449108770058972e-01 -1.445315573688854371e+01 1.714706960823381490e-02 9.982508191767593964e-01 5.657269140671319918e-02 1.506440975077475986e-01 9.992323546608717910e-01 -1.511626739750607067e-02 -3.613286990649387798e-02 2.230681112591748061e+01
-3.084396474594805829e-02 5.578479925871971529e-02 -9.979660187851454589e-01 -1.526079520129888323e+01 2.805159242419068277e-02 9.980966850482150265e-01 5.492512771832677027e-02 1.599619962589046152e-01 9.991305743537870487e-01 -2.630044579946465982e-02 -3.235012030226700613e-02 2.229652569248030503e+01
-2.510738489840232818e-02 5.554112097341504239e-02 -9.981407509581151638e-01 -1.609100079469721578e+01 3.042755528587021488e-02 9.980353227816779471e-01 5.476982143831152922e-02 2.126963742478396036e-01 9.992212022806665761e-01 -2.899580669239405772e-02 -2.674803788327557302e-02 2.227905299628445235e+01
-2.015777690148549961e-02 5.455859291158542818e-02 -9.983070296600333737e-01 -1.694294787787836754e+01 2.892231875779429154e-02 9.981239403887094408e-01 5.396457280106517485e-02 2.662702384779495612e-01 9.993784697016252494e-01 -2.778555793466252338e-02 -2.169786348722381117e-02 2.225644773440801316e+01
-1.635141106200873815e-02 5.014231936526156869e-02 -9.986078797179187561e-01 -1.780740652338159435e+01 3.164948240297088544e-02 9.982672700853505443e-01 4.960697813013252577e-02 2.713565775414730208e-01 9.993650239151240511e-01 -3.079425951681239587e-02 -1.791005902334186564e-02 2.225650690134712306e+01
-1.507657583465400394e-02 3.990195815712308663e-02 -9.990897476706357416e-01 -1.868320055258791257e+01 3.023926441239527946e-02 9.987642066171645849e-01 3.943259818664095889e-02 2.963933890433681495e-01 9.994285969822510607e-01 -2.961718414652109860e-02 -1.626453078251052092e-02 2.223092757478968906e+01
-1.448384473600323151e-02 3.063719390031817078e-02 -9.994253113894305818e-01 -1.959218540603655612e+01 2.400937040015671889e-02 9.992526952222013925e-01 3.028398402143153006e-02 3.364784525524269765e-01 9.996068911016963154e-01 -2.355697765199783744e-02 -1.520855048619809864e-02 2.221226241862749617e+01
-1.553659003425865784e-02 2.671558562219201668e-02 -9.995226090209941017e-01 -2.050779847671122269e+01 1.738005095073631712e-02 9.994992581844224233e-01 2.644483003109437264e-02 3.584838729385219080e-01 9.997284557593230092e-01 -1.696087418763288918e-02 -1.599316815016382093e-02 2.217634884570968623e+01
-1.927914330592425327e-02 3.221705100032848379e-02 -9.992947164604464305e-01 -2.146828147283585508e+01 8.291235849747556272e-03 9.994512093085273774e-01 3.206215124882184908e-02 3.781918089460608035e-01 9.997799076691716857e-01 -7.667266994007868042e-03 -1.953576600260311519e-02 2.213995760837217475e+01
-2.328770323427351019e-02 4.050371100617647380e-02 -9.989075467815272669e-01 -2.244100026432703032e+01 3.800665923379499544e-03 9.991749813635726341e-01 4.042591659341065319e-02 4.198225690447026648e-01 9.997212537859190284e-01 -2.855084526190262290e-03 -2.342247812929911313e-02 2.210407964738095998e+01
-2.808334875796447000e-02 4.985767741266904085e-02 -9.983614674160040670e-01 -2.343933179085082230e+01 2.351329079517753586e-03 9.987561914527375295e-01 4.981124170660421874e-02 4.366200007136808448e-01 9.996029727806601262e-01 -9.486076959326237776e-04 -2.816564269477311172e-02 2.206112309252530679e+01
-3.022975866186769500e-02 5.951566312242397710e-02 -9.977694182639658127e-01 -2.444751213687370850e+01 8.215025751131203174e-04 9.982267900922310311e-01 5.951802754245680976e-02 4.886459793540751106e-01 9.995424675632955669e-01 9.795517701257795001e-04 -3.022503143036342141e-02 2.203111054046178907e+01
-3.057223798795608363e-02 6.736517988551901648e-02 -9.972599305973423034e-01 -2.546675367764397890e+01 3.081318406347666877e-03 9.977283043075743096e-01 6.730236067068288974e-02 5.204484988038692306e-01 9.995275802183444247e-01 -1.015285391538156383e-03 -3.071036631961819238e-02 2.199860897416920480e+01
-3.255789029457610562e-02 6.967468530294541884e-02 -9.970380543485087843e-01 -2.649547941024781750e+01 4.248702668384736481e-03 9.975679309025714536e-01 6.957287328922807934e-02 5.535690685476823969e-01 9.994611261704736682e-01 -1.970972476988942790e-03 -3.277474060799528965e-02 2.195662628629450452e+01
-3.404041694598867324e-02 6.619459662021340285e-02 -9.972262847358925875e-01 -2.749630043971404447e+01 3.816919938424896165e-03 9.978057864045721814e-01 6.610272836027904220e-02 6.256958413518149964e-01 9.994132808267347512e-01 -1.556166205606373393e-03 -3.421836945858350298e-02 2.191838057378345539e+01
-3.675900713419634480e-02 6.182192672023782004e-02 -9.974103072795859060e-01 -2.852982694295716470e+01 4.596561228710051641e-04 9.980860075269789577e-01 6.184684923394007106e-02 6.674458874287557686e-01 9.993242423241507355e-01 1.814963476362854711e-03 -3.671710039278266308e-02 2.188158268848234300e+01
-4.077513092225445307e-02 5.697202866282415068e-02 -9.975430255327577544e-01 -2.955758213090801334e+01 -1.461096711714588575e-03 9.983684203666461920e-01 5.707897581755212724e-02 6.971156589573285212e-01 9.991671046751170460e-01 3.784911658922271091e-03 -4.062538944439168104e-02 2.183200744677055738e+01
-4.657177323832693838e-02 5.268475428323964038e-02 -9.975245866377469017e-01 -3.058617862670330467e+01 5.542835859493932052e-04 9.986095225223846628e-01 5.271620390640854165e-02 7.399846148574461546e-01 9.989150003184783522e-01 1.902170193804614620e-03 -4.653614928405785944e-02 2.178193213954184060e+01
-5.379895964777823419e-02 4.998161551703025895e-02 -9.973003955398493936e-01 -3.162977275613070205e+01 -1.326176796835842192e-03 9.987418564525426534e-01 5.012538459397736929e-02 7.815436378413103125e-01 9.985511471947585704e-01 4.019287052624364795e-03 -5.366499680476441436e-02 2.170830878324759183e+01
-6.022730317221178242e-02 5.234573188476772387e-02 -9.968116995539774150e-01 -3.267895242555552926e+01 -5.821034691083446649e-04 9.986215316509141626e-01 5.247596907081648887e-02 8.187011588875270363e-01 9.981848621095533725e-01 3.740717350958867177e-03 -6.011382847870241214e-02 2.163751497164093252e+01
-6.667276702576875602e-02 5.680458867626288905e-02 -9.961569628901746354e-01 -3.374635860269377474e+01 -1.619708614943640365e-03 9.983706202956882381e-01 5.703929075923789421e-02 8.581471309772341627e-01 9.977735788916874959e-01 5.416448035165425182e-03 -6.647215326991956497e-02 2.156497253583867391e+01
-7.300208701381107057e-02 6.027896622614709043e-02 -9.955088555859781252e-01 -3.481156465557008772e+01 -3.125991048377690582e-03 9.981529461174103446e-01 6.066839989984938036e-02 9.048540886924130167e-01 9.973265620133304754e-01 7.540867348934996925e-03 -7.267885910359932200e-02 2.147785122819154324e+01
-7.705163420917404693e-02 6.218156773903523588e-02 -9.950859747429222635e-01 -3.586585187007531061e+01 -5.736922685254414178e-03 9.980090196103105216e-01 6.280846056147898482e-02 9.567868759818463076e-01 9.970108823427379363e-01 1.054821146320513055e-02 -7.654148540113656085e-02 2.138340009337247949e+01
-8.018662905301586485e-02 6.404485743255812491e-02 -9.947207698915411234e-01 -3.694301671278610399e+01 -9.520675803516788840e-03 9.978391832517128357e-01 6.501315000106366870e-02 1.013048875368475210e+00 9.967339604564061650e-01 1.468360905932194517e-02 -7.940355419869701836e-02 2.128144351046188731e+01
-8.168752329365167042e-02 6.479600996266378365e-02 -9.945496190094487154e-01 -3.801321731687270500e+01 -1.324022022965249887e-02 9.977255809057588021e-01 6.609041908951551747e-02 1.075831027287961650e+00 9.965695561655926182e-01 1.856680918528880175e-02 -8.064385761210707271e-02 2.119209518066559994e+01
-8.369479892914793995e-02 6.482255727642334542e-02 -9.943812414996134885e-01 -3.909536567209713809e+01 -1.434764868214573504e-02 9.977004527459577554e-01 6.624653471994415566e-02 1.126742598698507569e+00 9.963885415386606326e-01 1.981153292240304606e-02 -8.257225381680986798e-02 2.108742379669259392e+01
-8.498466148210227777e-02 6.431865774177623896e-02 -9.943044803845886292e-01 -4.016516613099501143e+01 -1.484076598200101231e-02 9.977219544106009641e-01 6.580815734385038474e-02 1.176440368047820817e+00 9.962712570636984566e-01 2.034886088001647275e-02 -8.383649292849873480e-02 2.098869629231680278e+01
-8.578361976440575243e-02 6.389598382174963009e-02 -9.942627291693117986e-01 -4.123532205095052916e+01 -1.644460612649024239e-02 9.977146854413745380e-01 6.553664046358857742e-02 1.219488477070339805e+00 9.961778069125079016e-01 2.197222467953219641e-02 -8.453686567696870602e-02 2.088714440286002016e+01
-8.713450744593134734e-02 6.313787705694796915e-02 -9.941933062230371432e-01 -4.233669017183586902e+01 -1.766182993471526047e-02 9.977343690875317694e-01 6.491067550639015304e-02 1.275058124764743006e+00 9.960400180923154601e-01 2.321517237117605090e-02 -8.582196164160044161e-02 2.079260509043486849e+01
-8.788744269041663670e-02 6.095624903132956102e-02 -9.942639284733343352e-01 -4.341684698238322682e+01 -2.142924354073687601e-02 9.977796639192619832e-01 6.306595828189717756e-02 1.321283078433915348e+00 9.959002545822845942e-01 2.684902279204372244e-02 -8.638612122884531397e-02 2.068543155398743849e+01
-8.784037737924471623e-02 5.661104232809250486e-02 -9.945242728126223453e-01 -4.450094741843122392e+01 -2.601246654821547794e-02 9.979130776507191269e-01 5.910136097353074769e-02 1.381918122697691764e+00 9.957943124957306935e-01 3.106163003660759522e-02 -8.618440027147444837e-02 2.057392339253387448e+01
-8.749710819463045464e-02 5.531925159344906751e-02 -9.946280887622246381e-01 -4.560607178736375289e+01 -2.888772653024313658e-02 9.978965424289837349e-01 5.804230410556386610e-02 1.438651711680457357e+00 9.957458776946515044e-01 3.381108092140198973e-02 -8.571493423435343206e-02 2.046438987753403538e+01
-8.532580205949731600e-02 5.866290939527262632e-02 -9.946245377309731461e-01 -4.670096131003765549e+01 -2.852317654071026554e-02 9.977123771116768181e-01 6.129197319940327821e-02 1.475221685054230791e+00 9.959449891886521522e-01 3.359970849185583974e-02 -8.345737505217946939e-02 2.036366308944646875e+01
-8.380839309224322187e-02 6.214704879332304255e-02 -9.945422644760393283e-01 -4.782109655327163011e+01 -2.876372512911078150e-02 9.974868491641456503e-01 6.475492729171411499e-02 1.540282850986222307e+00 9.960669338187388977e-01 3.403373266551940751e-02 -8.181015607190252059e-02 2.026800791521258915e+01
-8.196778916415140004e-02 6.246556116214563997e-02 -9.946758185215605064e-01 -4.891931363494715157e+01 -2.724460929853277438e-02 9.975204551200833603e-01 6.488934495940694436e-02 1.572947051823664788e+00 9.962629060332064412e-01 3.241841347953437757e-02 -8.006266595593196367e-02 2.017623596918410556e+01
-8.012644518164342700e-02 6.139144610349393794e-02 -9.948921804026332749e-01 -5.004143284074007880e+01 -2.648676032373479400e-02 9.976183804713073533e-01 6.369282070526609274e-02 1.629821482886087303e+00 9.964326539591017440e-01 3.145496690675529672e-02 -7.830953528966386190e-02 2.008298814049384617e+01
-7.616959321214883394e-02 6.161051793112205799e-02 -9.951893108226437246e-01 -5.115468749203213861e+01 -2.857209398246118512e-02 9.975448528872552512e-01 6.394314344373001890e-02 1.698148227303446500e+00 9.966848823866335527e-01 3.330518274407998081e-02 -7.422215967510642498e-02 1.999705165981080413e+01
-7.010065728130145113e-02 6.248848917957393334e-02 -9.955812757249482559e-01 -5.226292711715031913e+01 -3.357125739544045140e-02 9.973224138380218928e-01 6.496163102472571338e-02 1.764363300639715693e+00 9.969751344385654468e-01 3.797672083908091439e-02 -6.781515655672050447e-02 1.991232723073605726e+01
-6.436953209766216322e-02 6.289694040168299083e-02 -9.959425757290789605e-01 -5.339511303268842113e+01 -3.714709177986313948e-02 9.971690795508463268e-01 6.537539898584983356e-02 1.827360127565518022e+00 9.972349064428188692e-01 4.120452580136382825e-02 -6.185094745318413939e-02 1.982678316947768948e+01
-5.825151511941131094e-02 6.227669459289174314e-02 -9.963578902751646371e-01 -5.451262152791827020e+01 -3.902990065578844370e-02 9.971467021982074463e-01 6.460789736017445717e-02 1.869904016133054458e+00 9.975384351323437482e-01 4.265117407106625014e-02 -5.565468707879622778e-02 1.975436003348985636e+01
-5.291559246655218318e-02 6.206814031882557786e-02 -9.966685707372434644e-01 -5.564628233562290660e+01 -3.918239232266337857e-02 9.971685511864856188e-01 6.417960678680753595e-02 1.925576885028696728e+00 9.978300127831107869e-01 4.244785115682588039e-02 -5.033375871993341771e-02 1.968089251591895561e+01
-4.753730491749875303e-02 6.177344287248172361e-02 -9.969573342932577242e-01 -5.679014675823708558e+01 -3.740170467960156342e-02 9.972756761410185300e-01 6.357651576692006923e-02 1.967168479846696849e+00 9.981688366266594503e-01 4.031014676036361044e-02 -4.509737122351983873e-02 1.962389975872881109e+01
-4.155207185939144982e-02 6.211650712169172750e-02 -9.972038908312191863e-01 -5.791196557721009697e+01 -3.683895672695645246e-02 9.972917684216975331e-01 6.365698947103695660e-02 2.019433993835493268e+00 9.984567330173050870e-01 3.938107512928283593e-02 -3.915129656230603022e-02 1.957954565675529679e+01
-3.627578067319903871e-02 6.366713421300644604e-02 -9.973112900828197125e-01 -5.906683813734154143e+01 -3.429976822396311326e-02 9.973013372462544712e-01 6.491410591746581138e-02 2.053845520992913620e+00 9.987525310346450080e-01 3.656238010434228330e-02 -3.399415657305553118e-02 1.952904165107592149e+01
-3.087255817245107906e-02 6.478456953920469497e-02 -9.974220717970098127e-01 -6.021205766173990526e+01 -3.584263509003611514e-02 9.971833665880279751e-01 6.587854404295936939e-02 2.121651436959089310e+00 9.988806707273801822e-01 3.778410308805110751e-02 -2.846350841557680061e-02 1.948830103873099517e+01
-2.504023571152647759e-02 6.469291721099108827e-02 -9.975909204537800612e-01 -6.135966904652004672e+01 -3.586935221413527913e-02 9.972034695708569263e-01 6.556809604605676189e-02 2.174439977162422544e+00 9.990429145812131928e-01 3.742480943247957631e-02 -2.264973385933057720e-02 1.945565354319569451e+01
