1.000000000000000000e+00 0.000000000000000000e+00 -5.421010862427522170e-20 -7.589415207398531038e-19 0.000000000000000000e+00 1.000000000000000000e+00 1.525506338004994911e-18 6.938893903907228378e-18 0.000000000000000000e+00 -3.557538378468061424e-19 1.000000000000000000e+00 0.000000000000000000e+00
9.999800303131558543e-01 -2.119368260386327030e-04 -6.333315105612884709e-03 -4.282344222964895239e-03 2.158560738384791150e-04 9.999999804335938380e-01 6.178934365633510090e-04 -2.919739365269430342e-03 6.333179209248213787e-03 -6.192486762538796947e-04 9.999799892532503787e-01 8.549247618441335739e-02
9.999150475097269286e-01 1.604887031173962003e-04 -1.305524146118445042e-02 -1.078547863656331880e-02 -1.539269153956034780e-04 9.999999421512276720e-01 5.038581782163394042e-04 -1.045514644992345116e-02 1.305529366371944479e-02 -5.018099873770862128e-04 9.999150103390455069e-01 1.734375729445298553e-01
9.997859414826407720e-01 5.911479966234645111e-04 -2.066367016006096999e-02 -1.948928450271281490e-02 -5.966457366778487453e-04 9.999999810455083571e-01 -2.603407750231400840e-04 -2.061199591315263785e-02 2.066350211222967026e-02 2.726223993191942267e-04 9.997860774718506649e-01 2.669645558166057753e-01
9.995616444042494386e-01 1.173647171824899679e-03 -2.958009138698694529e-02 -2.967293532841367570e-02 -1.214010100558651425e-03 9.999981231256892533e-01 -1.346652066652506479e-03 -2.993714649862192628e-02 2.957843012568765403e-02 1.381965316212426008e-03 9.995612324700614559e-01 3.699396824132292760e-01
9.991762060805589041e-01 1.617243330751989144e-03 -4.054681341542692996e-02 -4.291402751167355117e-02 -1.708609361529233456e-03 9.999963489777984327e-01 -2.218968545424062667e-03 -3.887350920786271369e-02 4.054309717205826363e-02 2.286419239770767515e-03 9.991754449416426764e-01 4.791438275659157253e-01
9.985445795107250611e-01 1.295948369174819079e-03 -5.391245611367909835e-02 -6.030082819190511756e-02 -1.459737501812902877e-03 9.999939589018950192e-01 -2.998764598951874760e-03 -4.599612314287742504e-02 5.390829546611338591e-02 3.073084360018594162e-03 9.985414615873799971e-01 6.018344809374758242e-01
9.975629873894577004e-01 1.214186972594823166e-03 -6.976483316587700489e-02 -8.294670843148038708e-02 -1.443299560158149350e-03 9.999934689261216203e-01 -3.233643432659876697e-03 -4.888535783531114398e-02 6.976043283550684149e-02 3.326448770435694487e-03 9.975585436844204290e-01 7.344857629730989768e-01
9.960615160608683460e-01 7.676376151320683794e-04 -8.865674575361762177e-02 -1.167068971557709695e-01 -1.043032451457460985e-03 9.999951084676569346e-01 -3.060160759442908870e-03 -5.147493372984122267e-02 8.865393426201667593e-02 3.140589744317441936e-03 9.960573754714746597e-01 8.894145403705471242e-01
9.940869306779166470e-01 -9.830511518971185581e-05 -1.085890526162010677e-01 -1.484882969964136101e-01 -2.337745532728294218e-04 9.999953246714136101e-01 -3.045337462660110701e-03 -5.896583656221853625e-02 1.085890084873755296e-01 3.052717516392246602e-03 9.940817446506698962e-01 1.050025579861963765e+00
9.914689392908538901e-01 -3.684903232915367338e-04 -1.303426736922468077e-01 -1.886489279986057754e-01 -6.517984556088374237e-05 9.999946491792376380e-01 -3.322856662609809802e-03 -6.612882977212503066e-02 1.303433684894889644e-01 3.303002204559573902e-03 9.914634115299086892e-01 1.212182347795709436e+00
9.879678198032364467e-01 2.518106722143842111e-03 -1.546384951278658992e-01 -2.434779390053495862e-01 -3.184864861032721609e-03 9.999866040716053339e-01 -4.064091342587537910e-03 -6.983045790733055647e-02 1.546268411506104279e-01 4.507683620104950203e-03 9.879625761251581428e-01 1.387555732708552814e+00
9.836653999072826338e-01 6.226728390965259249e-03 -1.798991083053420315e-01 -3.079124467737399118e-01 -7.403567816182130348e-03 9.999555197181081434e-01 -5.871022850675144955e-03 -7.737946736224410316e-02 1.798546798070975727e-01 7.107007019966162659e-03 9.836680803746091772e-01 1.563522525538082464e+00
9.784190067042174421e-01 9.929458337455480607e-03 -2.063896634060213842e-01 -3.773064885293430648e-01 -1.160485024079920685e-02 9.999088824844815093e-01 -6.908573781886266120e-03 -8.516353634636145142e-02 2.063022075769725683e-01 9.154583071767806099e-03 9.784451108113011442e-01 1.739911491845515634e+00
9.717213462726292938e-01 1.079335451522448266e-02 -2.358822156995404873e-01 -4.561471550706011069e-01 -1.274306420885602288e-02 9.998957820891919424e-01 -6.742724512033006559e-03 -9.327973355522593824e-02 2.357846054398354263e-01 9.557958911082345063e-03 9.717578716381788384e-01 1.933238959984212579e+00
9.637286831784100949e-01 1.251782045851538606e-02 -2.665905072602977044e-01 -5.406733213363664747e-01 -1.473131728451434162e-02 9.998714836103007597e-01 -6.304810326368883409e-03 -1.039783899322066218e-01 2.664772179678828734e-01 1.000331623706906051e-02 9.637888332112888312e-01 2.116641590219467961e+00
9.542199604479272290e-01 1.430606443060771123e-02 -2.987630686011059633e-01 -6.450173231909384075e-01 -1.665507385425321618e-02 9.998472389600333576e-01 -5.317624976689355222e-03 -1.097963834549027518e-01 2.986410753961402653e-01 1.005012153515427026e-02 9.543128005920394896e-01 2.318612787355687654e+00
9.431805648508587714e-01 1.645310233543421236e-02 -3.318733459770549232e-01 -7.477467845356764453e-01 -1.888480679464583228e-02 9.998128155511456505e-01 -4.103036985361409664e-03 -1.187868567534453579e-01 3.317440237383180723e-01 1.013728344679261720e-02 9.433146195979955628e-01 2.513098337777082136e+00
9.307506703270133075e-01 1.877102863038029867e-02 -3.651713790383538938e-01 -8.560602168356992170e-01 -2.158228932011022755e-02 9.997608299515536867e-01 -3.617975580828422088e-03 -1.218068062218297942e-01 3.650158129103565630e-01 1.124867416732377480e-02 9.309334997214331331e-01 2.693813817937077637e+00
9.170521058569550688e-01 2.148427766273596634e-02 -3.981889933022210171e-01 -9.832095916655683165e-01 -2.474726660385534113e-02 9.996888828371343072e-01 -3.056145002509826243e-03 -1.244395824228552161e-01 3.979995469838535915e-01 1.265672592713723392e-02 9.172980113059105989e-01 2.887716479078374476e+00
9.010432177488149064e-01 2.254215577681416283e-02 -4.331439157562330666e-01 -1.112080546824576022e+00 -2.615560755049332886e-02 9.996548326520332539e-01 -2.384818509606962452e-03 -1.206415504358194224e-01 4.329401621893196328e-01 1.347797913383074267e-02 9.013219495991517949e-01 3.083293452574414228e+00
8.826673913685066930e-01 2.004503355055680530e-02 -4.695704661860604090e-01 -1.242977245704654843e+00 -2.386086273973826374e-02 9.997126712801081005e-01 -2.176305011472947932e-03 -1.260139564653595945e-01 4.693918837784084030e-01 1.312528905552359446e-02 8.828919373513851587e-01 3.264112778111879720e+00
8.618325055278728275e-01 1.679040417077676955e-02 -5.069148922782195088e-01 -1.391576302395508113e+00 -2.079654184034119419e-02 9.997808277759457907e-01 -2.241914991157722969e-03 -1.412843935389909711e-01 5.067656473398617356e-01 1.247424805809621735e-02 8.619936666961813820e-01 3.457042710180420197e+00
8.373357140493001838e-01 1.705001369990757562e-02 -5.464229353222077590e-01 -1.556534228862952229e+00 -2.046252990055618184e-02 9.997902512321553692e-01 -1.602670965559544098e-04 -1.542462183055956781e-01 5.463055785445293244e-01 1.131534351732904273e-02 8.375090347185445427e-01 3.636482080201375755e+00
8.089181012534063520e-01 2.191991609545768452e-02 -5.875130236985529608e-01 -1.749987254405419135e+00 -2.443606263401539719e-02 9.996952174949005343e-01 3.653481796503796168e-03 -1.612440183208867506e-01 5.874134391239732578e-01 1.140121477495448406e-02 8.092066812516930385e-01 3.817723899638098217e+00
7.769167360038948811e-01 2.608875572362036321e-02 -6.290620944904835588e-01 -1.954517826862451901e+00 -2.839039266731676475e-02 9.995767295897697302e-01 6.391610838888654549e-03 -1.731608722759714336e-01 6.289626277645699037e-01 1.289359694361300566e-02 7.773285344063355362e-01 3.987633360192823773e+00
7.414790135764188772e-01 2.661168242465606834e-02 -6.704478024371886002e-01 -2.159944788610810740e+00 -2.908657911770955173e-02 9.995487427121149127e-01 7.506290488786629758e-03 -1.765682388705884232e-01 6.703453979994250522e-01 1.393527022875099518e-02 7.419182437114663076e-01 4.139738716914586725e+00
7.020085931139700142e-01 2.258596679251726608e-02 -7.118107413505876391e-01 -2.392427764444989169e+00 -2.319010233966532775e-02 9.996918250822077745e-01 8.849719120815070436e-03 -1.804258239590587620e-01 7.117905284887403594e-01 1.029434477069695111e-02 7.023155818038221421e-01 4.325844783908784130e+00
6.599450749993099885e-01 1.959115371110410619e-02 -7.510588032779736967e-01 -2.633262996118167276e+00 -1.843766505938650851e-02 9.997815231708030437e-01 9.878051055760684804e-03 -1.880536451918261298e-01 7.510876189744378761e-01 7.328823637467827591e-03 6.601614018298868070e-01 4.480422703467926482e+00
6.157952056224054171e-01 1.908561641874948964e-02 -7.876752329876568481e-01 -2.884158841542677987e+00 -1.582922300763502793e-02 9.998040414159744538e-01 1.185054815444742601e-02 -1.916274377097158532e-01 7.877475355064627038e-01 5.170727896106480648e-03 6.159767529616200221e-01 4.614880977928923045e+00
5.680280840308757906e-01 1.960194601585074983e-02 -8.227759610560918535e-01 -3.171204269067398052e+00 -1.350249452552957329e-02 9.998041312210182996e-01 1.449767324222747331e-02 -1.936329145690547648e-01 8.228990104052024135e-01 2.874458727278186333e-03 5.681807847481057383e-01 4.760084374376724270e+00
5.174606373120215208e-01 2.075845123079307977e-02 -8.554548474088777832e-01 -3.468825673501516160e+00 -1.232762556702554635e-02 9.997829724187625722e-01 1.680378840903894166e-02 -1.974510466849810630e-01 8.556181692173808750e-01 1.850389065481074582e-03 5.176043902692158971e-01 4.882756953653481169e+00
4.654947304819253007e-01 2.224787985813617835e-02 -8.847715209167618111e-01 -3.771438949934628138e+00 -1.153118523540599613e-02 9.997520255288823154e-01 1.907229827842959330e-02 -1.942508508020124591e-01 8.849753506990230001e-01 1.324415489904836110e-03 4.656352439891923156e-01 4.979941825421487778e+00
4.111881884506954354e-01 2.454322175504606435e-02 -9.112204586339942569e-01 -4.108773015557302344e+00 -1.048808018561540704e-02 9.996983409667377085e-01 2.219358929644065295e-02 -1.940179541320515844e-01 9.114900395412719458e-01 4.312267979701776138e-04 4.113214705825669615e-01 5.082439860796799991e+00
3.564295339645279226e-01 2.673202901309046017e-02 -9.339396789693876766e-01 -4.449415878919376510e+00 -9.843250821516826357e-03 9.996423633391636754e-01 2.485606100939291227e-02 -1.896112125819957583e-01 9.342700461985934401e-01 3.335694262785304093e-04 3.565651026963083114e-01 5.159819126922937649e+00
3.012141870845673752e-01 2.928032039146935203e-02 -9.531068750016571389e-01 -4.821227379418359327e+00 -8.032975447393458576e-03 9.995710939185682431e-01 2.816905872126100607e-02 -1.909296308630241135e-01 9.535226047899854063e-01 -8.286558679484181886e-04 3.013207189968643007e-01 5.233836943678049636e+00
2.471667557702316165e-01 3.123036670831835088e-02 -9.684698789619450299e-01 -5.204531292133356857e+00 -3.788886831393478358e-03 9.995043213610105282e-01 3.126411724939147374e-02 -1.907652490591114081e-01 9.689658108271539394e-01 -4.058030921326295434e-03 2.471619228687578496e-01 5.292580523423101369e+00
1.958198384539359960e-01 3.256384602425281549e-02 -9.800988497563344337e-01 -5.597825472915341827e+00 -9.876504649983641054e-04 9.994546978385492331e-01 3.300961122792620689e-02 -1.937444238629681958e-01 9.806390485025215931e-01 -5.495947801256900397e-03 1.957454637075146942e-01 5.335841641874968566e+00
1.486290751992818959e-01 3.341051231905198954e-02 -9.883286154684005620e-01 -6.024813502775805851e+00 -2.413430491507006365e-03 9.994379310251749748e-01 3.342318342300883149e-02 -1.846598935960601651e-01 9.888900830315727752e-01 -2.582404650818053912e-03 1.486259937755431970e-01 5.358986894630156428e+00
1.049963132930521459e-01 3.357735971015318038e-02 -9.939052768104540414e-01 -6.455771419844431591e+00 -4.423795794510231374e-03 9.994357556923435526e-01 3.329690668072494281e-02 -1.721583203709118048e-01 9.944625652520434622e-01 9.007823767583807151e-04 1.050859310146042003e-01 5.363004048894641329e+00
6.745842179490728341e-02 3.226371583675001486e-02 -9.972000862239154273e-01 -6.899293767250298970e+00 -5.882902309056140672e-03 9.994721036738580811e-01 3.193926340181042073e-02 -1.601146036805261574e-01 9.977047927987534592e-01 3.711847900073379433e-03 6.761267453123470661e-02 5.362714385814712159e+00
3.316491430729820444e-02 3.057258027321894250e-02 -9.989827280889950201e-01 -7.360189898955165511e+00 -5.323212799839034323e-03 9.995229809602206306e-01 3.041241621449084290e-02 -1.502630857250372709e-01 9.994357513096664425e-01 4.309160013388343632e-03 3.331180473248108315e-02 5.350835615519605959e+00
1.104195211936101137e-03 2.812908141098925674e-02 -9.996037578665577517e-01 -7.829740406792002005e+00 -4.753490292332337996e-03 9.995934322563599927e-01 2.812354688232275926e-02 -1.486642009072348669e-01 9.999883367563492387e-01 4.720559246267332087e-03 1.237459531703749387e-03 5.329908938654367212e+00
-2.600809453186044354e-02 2.571610090473163204e-02 -9.993309885438483864e-01 -8.331028767607202568e+00 -5.340022068969376909e-03 9.996508730127874331e-01 2.586333359779577692e-02 -1.398533306807157872e-01 9.996469230539082318e-01 6.009103162110441404e-03 -2.586177848092698073e-02 5.295548029336514695e+00
-4.700021994218085697e-02 2.370760439693283053e-02 -9.986133791973778040e-01 -8.832833363326271225e+00 -6.539750712978378150e-03 9.996895087419502834e-01 2.404095003283819587e-02 -1.344740696220982634e-01 9.988733582942218581e-01 7.660606931630922073e-03 -4.683058879976952082e-02 5.257437413120727321e+00
-6.356081145915451480e-02 2.297593301133690757e-02 -9.977139007455566588e-01 -9.363662986532116150e+00 -5.648166687408206349e-03 9.997107991293313622e-01 2.338174711874572639e-02 -1.180562957412847891e-01 9.979623994224986472e-01 7.121407286625249314e-03 -6.341268767017681218e-02 5.208997707366765262e+00
-7.636799316089240564e-02 2.355242850442402017e-02 -9.968015275777324380e-01 -9.899825308457968376e+00 -4.808251636708470167e-03 9.997010492327315090e-01 2.398931257630053382e-02 -1.158101957198014176e-01 9.970676391663191307e-01 6.624898370303923534e-03 -7.623185607183903534e-02 5.152467272538016729e+00
-8.650698153526718837e-02 2.503991459114364437e-02 -9.959361445149396141e-01 -1.045005705342379443e+01 -4.197351138956721336e-03 9.996661156737634002e-01 2.549825812891711938e-02 -1.127339315029355638e-01 9.962424757349181981e-01 6.386072291568956061e-03 -8.637303413849635458e-02 5.094574203605088059e+00
-9.401239856734477929e-02 2.642231845232212786e-02 -9.952208050228128489e-01 -1.101206559986274414e+01 -4.384168316859294798e-03 9.996271536953209580e-01 2.695340976561444793e-02 -1.065998815490181023e-01 9.955617918132019240e-01 6.897161940748680956e-03 -9.386145512797620938e-02 5.030555599443099268e+00
-9.781280642005196757e-02 2.732012615429735627e-02 -9.948297117276470036e-01 -1.160293717051793827e+01 -6.019319818387365226e-03 9.995884860373055458e-01 2.804262376097925100e-02 -9.831027813137907523e-02 9.951866061869079072e-01 8.731121861555314612e-03 -9.760807961725351256e-02 4.959524022744594696e+00
-1.000692023360270078e-01 2.818684639524938682e-02 -9.945814187286015073e-01 -1.220351686960379922e+01 -5.965128060287179859e-03 9.995632241841880816e-01 2.892816501890989322e-02 -8.856525807202601797e-02 9.949626367057975429e-01 8.827628846542692406e-03 -9.985802184816111593e-02 4.899162875059621669e+00
-9.943263963439158415e-02 3.018113513474668386e-02 -9.945870071060435302e-01 -1.281908293251148478e+01 -4.533016024336564836e-03 9.995161367377981554e-01 3.078386550632998889e-02 -7.963666273173791721e-02 9.950338267511303902e-01 7.569403627888019945e-03 -9.924769710340654305e-02 4.843106285377521303e+00
-9.803819665944342454e-02 3.283342986695005766e-02 -9.946410842598646385e-01 -1.344941086850752576e+01 -3.607589637063250698e-03 9.994376926030956731e-01 3.334740329118256186e-02 -6.906269772683693020e-02 9.951758361179600110e-01 6.857590265199267274e-03 -9.786459594365221060e-02 4.780002440279297105e+00
-9.635035744432533800e-02 3.345605346590961593e-02 -9.947851204750903786e-01 -1.409655338259132940e+01 -4.140733291387770423e-03 9.994130894881354532e-01 3.401271371591686049e-02 -5.666200264185607127e-02 9.953384647395627782e-01 7.396286660020437789e-03 -9.615523204381015709e-02 4.715126113147408482e+00
-9.436515076376196520e-02 3.171949176591016412e-02 -9.950322657889739686e-01 -1.475227047976036943e+01 -6.077943626765247923e-03 9.994555774267767090e-01 3.243693257065160401e-02 -4.727292776157558662e-02 9.955194815028294286e-01 9.108655701558721063e-03 -9.412092666301484500e-02 4.647705010579163520e+00
-9.304341438983081136e-02 3.085664955633698678e-02 -9.951841909821056431e-01 -1.542315324358387940e+01 -7.829414729335895315e-03 9.994659353901838017e-01 3.172138965145960415e-02 -2.927215281490785914e-02 9.956311661589797302e-01 1.074312766978317672e-02 -9.275222100035292183e-02 4.580471185973204129e+00
-9.081832038907500237e-02 3.332527177641576160e-02 -9.953096149190968633e-01 -1.611594286902484185e+01 -7.561599350917543733e-03 9.993878551646574460e-01 3.415180784521169854e-02 -1.122354740476205759e-02 9.958383188270265585e-01 1.062770530279895202e-02 -9.051073477558248259e-02 4.518462127690379582e+00
-8.935804740227633325e-02 3.679651980454356347e-02 -9.953195842889088762e-01 -1.681884542860547427e+01 -7.367036877086098612e-03 9.992656811375283388e-01 3.760378415458182771e-02 8.248727021215797317e-03 9.959723611326095627e-01 1.069271447747569166e-02 -8.902143373525214787e-02 4.455274627841759205e+00
-8.749749303615110552e-02 3.937108769761792776e-02 -9.953862452683184259e-01 -1.754012631384870957e+01 -7.270037888312505178e-03 9.991670132308781982e-01 4.015966179297598970e-02 2.548167437767769744e-02 9.961376609113811176e-01 1.075033171429888405e-02 -8.713832019472717016e-02 4.389075667107383616e+00
-8.581576200904915408e-02 3.909880416209503967e-02 -9.955435023422162244e-01 -1.829530812306079213e+01 -8.651539670451216871e-03 9.991631034258834365e-01 3.998663995027102597e-02 3.990139590091928978e-02 9.962732888612735316e-01 1.204455205307735505e-02 -8.540574141683425491e-02 4.320489104059002550e+00
-8.427331431057119571e-02 3.623579511658749086e-02 -9.957835033539411684e-01 -1.905124030246809497e+01 -1.147873996285419737e-02 9.992368129798088194e-01 3.733293220304872984e-02 5.556801820419618454e-02 9.963764891099766707e-01 1.457645816969773897e-02 -8.379299866923761719e-02 4.250818554191106102e+00
-8.250023414100485231e-02 3.540943017728201414e-02 -9.959613625179534191e-01 -1.981191486571907134e+01 -1.284399335139263694e-02 9.992477806248762917e-01 3.659023779414021654e-02 7.500583015912923313e-02 9.965077482331510250e-01 1.581086862723841621e-02 -8.198334648387135826e-02 4.183080959740026472e+00
-8.103072144938813781e-02 3.739544222931436013e-02 -9.960103737779405497e-01 -2.059164050900112386e+01 -1.082468787846065615e-02 9.992040302855147438e-01 3.839607107067366520e-02 9.039410366739791813e-02 9.966528818547990554e-01 1.389272712277510140e-02 -8.056140883612655790e-02 4.120423405722488219e+00
-7.945890923432194497e-02 3.979251532689109111e-02 -9.960433844540288462e-01 -2.138283923840078415e+01 -8.290733321962544949e-03 9.991416228095891805e-01 4.057768336470585213e-02 1.055084036155587435e-01 9.968037430927139120e-01 1.148216954226996891e-02 -7.906081357526731357e-02 4.062534532406477439e+00
-7.833125085284840805e-02 4.162098334960027957e-02 -9.960578025365411925e-01 -2.218134502479425052e+01 -6.130096111221816288e-03 9.990892348885086482e-01 4.222972254975172063e-02 1.236804769709396040e-01 9.969086485859722790e-01 9.413833952872392025e-03 -7.800478403566035723e-02 4.000019888269942925e+00
-7.769493140476652071e-02 3.795081848628564791e-02 -9.962545864809936313e-01 -2.298964748188635099e+01 -6.871765694888735260e-03 9.992309005059382132e-01 3.860010800483257981e-02 1.354655303972521485e-01 9.969538142289453564e-01 9.845070390052943973e-03 -7.737446910117182219e-02 3.935264439833978667e+00
-7.709833342345950857e-02 3.186681040061471737e-02 -9.965139510080975871e-01 -2.379831783825486369e+01 -6.684365429114305993e-03 9.994505615531500409e-01 3.247776666531516226e-02 1.441246375282951020e-01 9.970006637829172957e-01 9.165060509175398940e-03 -7.684292812969054087e-02 3.872092836918030301e+00
-7.736306286732311244e-02 2.676659279142836953e-02 -9.966432645941839530e-01 -2.461031329188131522e+01 -4.834152387632789996e-03 9.996179268034072196e-01 2.722177187834109655e-02 1.522934535219219732e-01 9.969908218823754220e-01 6.923896711677011290e-03 -7.720406393608410245e-02 3.809231342487263472e+00
-7.747794175029547314e-02 2.799668629381754301e-02 -9.966008896211028256e-01 -2.543776950947272653e+01 -2.512408482532445253e-03 9.995966917307324007e-01 2.827617125738710741e-02 1.557566321083467542e-01 9.969905152244101787e-01 4.694653904691198712e-03 -7.737644998043702316e-02 3.743535270771912060e+00
-7.787379152305906604e-02 3.340957847385260526e-02 -9.964032034853058661e-01 -2.627228607489052337e+01 -2.133260030790458395e-03 9.994305720437287599e-01 3.367784183115747620e-02 1.694583640521872825e-01 9.969606733742550908e-01 4.748211691195922124e-03 -7.775818052066961472e-02 3.676079015588256116e+00
-7.821260031119216249e-02 4.083620176903346444e-02 -9.961000271549148577e-01 -2.711582851555435880e+01 -2.729593772215660116e-03 9.991477268161690350e-01 4.117552889268992489e-02 1.882571864776180215e-01 9.969330243387346524e-01 5.939376671388572893e-03 -7.803442650497678656e-02 3.604001349359036155e+00
-7.831556257772601115e-02 4.684968562110527340e-02 -9.958271005054969427e-01 -2.796266756640685003e+01 -3.925519474607711348e-03 9.988725279364911724e-01 4.730167125570546721e-02 2.050759829723516892e-01 9.969209849574725002e-01 7.613592487383111923e-03 -7.804336535876514602e-02 3.529108040469037366e+00
-7.889200587165655365e-02 4.670995574679281948e-02 -9.957882283907710796e-01 -2.880557677312290821e+01 -5.467941028721678282e-03 9.988660359318281001e-01 4.728757502597678158e-02 2.247212459412898378e-01 9.968684839150397936e-01 9.175514650607620795e-03 -7.854723006017151621e-02 3.452064898740796473e+00
-7.926129957764788125e-02 4.449471911902053850e-02 -9.958605380074899704e-01 -2.964544751608005413e+01 -6.435053924807384793e-03 9.989594133358562500e-01 4.514536767799363914e-02 2.409050438669996796e-01 9.968330483935766706e-01 9.986712645848492761e-03 -7.889251375820843792e-02 3.382375996259415540e+00
-7.997537601165463639e-02 4.194060244797771786e-02 -9.959137141812204330e-01 -3.047674706740087558e+01 -7.874237620954363526e-03 9.990562223943192377e-01 4.270530399767764884e-02 2.557560255431148288e-01 9.967659063960414567e-01 1.125742524970955658e-02 -7.956964638266462997e-02 3.308061845759427300e+00
-8.011010083001143811e-02 4.210165641526792540e-02 -9.958964223044969311e-01 -3.131022144332881751e+01 -9.113045694532948687e-03 9.990349738895646370e-01 4.296741154344373148e-02 2.777922202449664146e-01 9.967441777585337448e-01 1.251780055836515006e-02 -7.964917305955315774e-02 3.232429410568092631e+00
-7.950152189941596392e-02 4.396754970835162896e-02 -9.958647244725227221e-01 -3.215307532644975197e+01 -9.307849854166173539e-03 9.989505489046642817e-01 4.484689734656373966e-02 3.019990872896092249e-01 9.967913925364241257e-01 1.283470833270827956e-02 -7.900882700524837488e-02 3.160883498646427814e+00
-7.993313435695149904e-02 4.337535796497864887e-02 -9.958556256340409529e-01 -3.299081809057362591e+01 -9.541131340580611894e-03 9.989738986310986446e-01 4.427700904307424468e-02 3.210732402761476423e-01 9.967543486578637202e-01 1.304079276443360566e-02 -7.943726427414708746e-02 3.086114078275188355e+00
-7.929394059258665362e-02 3.813706886544082630e-02 -9.961217365965662207e-01 -3.382358887837114736e+01 -1.139807671964804606e-02 9.991678651735511618e-01 3.916104475978410965e-02 3.373547753401343607e-01 9.967864503893434369e-01 1.445907591427254141e-02 -7.879332458096446890e-02 3.016271710063925138e+00
-7.925284605820664963e-02 3.418259312968034702e-02 -9.962685115512736056e-01 -3.465472129519523037e+01 -1.422732278620996230e-02 9.992715234359846876e-01 3.541746257836165396e-02 3.469723865760718784e-01 9.967534460295101040e-01 1.698112648360015908e-02 -7.870877737777803862e-02 2.942623177342633234e+00
-7.849251340309786051e-02 3.557153491243246479e-02 -9.962803782681458609e-01 -3.548982863779826147e+01 -1.408663242368567159e-02 9.992236223150733343e-01 3.678643526705872163e-02 3.561887675325550173e-01 9.968150392843804219e-01 1.692165211042086920e-02 -7.793050891197536578e-02 2.877177169791188760e+00
-7.746697036483214671e-02 3.782119708774480532e-02 -9.962775228643737657e-01 -3.632536604721179430e+01 -1.323871062502934501e-02 9.991529311836941929e-01 3.895979241515374475e-02 3.678007069285323949e-01 9.969064537255951652e-01 1.620751777373318284e-02 -7.690066081886200167e-02 2.808795308721294237e+00
-7.757326785325265039e-02 4.261471280936723199e-02 -9.960757817932703873e-01 -3.715720605334867344e+01 -1.364824388256444601e-02 9.989469224034885908e-01 4.380044912771179771e-02 3.821978650051482407e-01 9.968928956808322805e-01 1.699245295197717928e-02 -7.690995455023608152e-02 2.737882626340783165e+00
-7.684814572000278621e-02 4.770427582807700712e-02 -9.959011644472161029e-01 -3.799404476749709403e+01 -1.312416684654814369e-02 9.987202187816865973e-01 4.885202563535116782e-02 4.067810012797878905e-01 9.969564064019450500e-01 1.682453762128761909e-02 -7.612367306168374426e-02 2.670617006363420032e+00
-7.709751983065067649e-02 5.125093799012489515e-02 -9.957052190549037229e-01 -3.882885883601675658e+01 -1.400183050079322963e-02 9.985241039110056560e-01 5.248020484412368319e-02 4.326021796694142219e-01 9.969255252108792931e-01 1.798781901640392200e-02 -7.626608408035501219e-02 2.602971958481155035e+00
-7.702494080075301952e-02 5.196197887396182546e-02 -9.956742727282561489e-01 -3.966345933227124476e+01 -1.408697068626702659e-02 9.984848734097208078e-01 5.319836979132419597e-02 4.589730838738632079e-01 9.969300244228094243e-01 1.812369168975904582e-02 -7.617623260896770609e-02 2.535299468510330279e+00
-7.685713623626141966e-02 4.803081942375330565e-02 -9.958843474609384572e-01 -4.048118165663574075e+01 -1.440168587037453200e-02 9.986814294976014139e-01 4.927714994894477618e-02 4.838066110677805565e-01 9.969377763863266351e-01 1.812979771411980107e-02 -7.606409326133996285e-02 2.466197742159961237e+00
-7.669628281907972522e-02 4.443910763578207135e-02 -9.960639985022479159e-01 -4.130216266672762515e+01 -1.506362329740132920e-02 9.988406946459551516e-01 4.572283370897843591e-02 4.982058700623599456e-01 9.969410678936624359e-01 1.851105581949083478e-02 -7.593801182687527629e-02 2.395905716888743431e+00
-7.630414566800619580e-02 4.191507077357514016e-02 -9.962030297076084340e-01 -4.212637109668671798e+01 -1.616874793135330071e-02 9.989322225429138058e-01 4.326834854628143490e-02 5.130725972894532028e-01 9.969533738378476562e-01 1.940894707403754971e-02 -7.554507687490769063e-02 2.323862173229178207e+00
-7.686188609709013186e-02 4.000445204911425023e-02 -9.962392956275482048e-01 -4.295639335211757981e+01 -1.769228871245239962e-02 9.989828259244050157e-01 4.147959610900159994e-02 5.326019112297024627e-01 9.968847155514193314e-01 2.081394917423547847e-02 -7.607593982731494786e-02 2.248299825527799722e+00
-7.725938851926171524e-02 3.807422694391599666e-02 -9.962833889973814472e-01 -4.378835622555377682e+01 -1.682046684791865115e-02 9.990780628495353755e-01 3.948543445237955030e-02 5.467437629887108574e-01 9.968688124871777356e-01 1.980865380814912646e-02 -7.654777433027375177e-02 2.181217520419410860e+00
-7.817945819683708164e-02 3.534643421386134132e-02 -9.963124710252262428e-01 -4.461140966578751943e+01 -1.468521504313591644e-02 9.992224588359569504e-01 3.660195660092940145e-02 5.547760915238070245e-01 9.968313651537085152e-01 1.749262542195378564e-02 -7.759950063911985607e-02 2.117048627139876960e+00
-7.934123054848288281e-02 3.363973430487726679e-02 -9.962793539447543090e-01 -4.543296111053984987e+01 -1.187694109728254337e-02 9.993274541197404437e-01 3.468842457320209238e-02 5.669466791495250124e-01 9.967769791750610286e-01 1.458496206254026976e-02 -7.888832357125756534e-02 2.053575441657239153e+00
-8.062389925722959760e-02 3.664647218459516492e-02 -9.960705058905502396e-01 -4.625716363855017477e+01 -9.877771927591328868e-03 9.992457845768623059e-01 3.756278743638686440e-02 5.739295217793570769e-01 9.966954255850537514e-01 1.286743159363739654e-02 -8.020108531963270060e-02 1.984953026887366079e+00
-8.259430937881977186e-02 4.171905928405052894e-02 -9.957100452143489155e-01 -4.708046710354582842e+01 -7.820697516860659892e-03 9.990650155039679792e-01 4.250837023883789062e-02 5.877798587110188988e-01 9.965524543805298618e-01 1.129810379327654199e-02 -8.219080612514825801e-02 1.917574984259593052e+00
-8.452662402210195380e-02 4.599940957372297690e-02 -9.953586570662533717e-01 -4.790391921556882693e+01 -5.949189467635784823e-03 9.988928233533685974e-01 4.666790955327999868e-02 6.009837706872356300e-01 9.964032490943883769e-01 9.866234651413955531e-03 -8.415939933126673211e-02 1.849627505423316665e+00
-8.587836872768775387e-02 4.508686995860900631e-02 -9.952850690230019559e-01 -4.869771541252835334e+01 -5.301607254029155197e-03 9.989408233292592643e-01 4.570992976182674389e-02 6.140116195185105763e-01 9.962914456377338634e-01 9.202110838570247420e-03 -8.554835460157148019e-02 1.780007980692221325e+00
-8.742208725972057393e-02 4.258460758991455819e-02 -9.952611899906169679e-01 -4.949754193159805737e+01 -6.976582341105583285e-03 9.990356915703590968e-01 4.335893230450040686e-02 6.237031041485765481e-01 9.961466682807819106e-01 1.073401560486661292e-02 -8.704070431063870572e-02 1.702397907177987335e+00
-8.849396389089579651e-02 3.932609556818058433e-02 -9.953005574566279323e-01 -5.029713158472843304e+01 -1.048949935199292201e-02 9.991281719205922229e-01 4.040989889004886065e-02 6.323407396459410634e-01 9.960218381835987955e-01 1.401615339992059658e-02 -8.800430802969648469e-02 1.619840714243218294e+00
-8.955413779115231621e-02 3.735831232166324234e-02 -9.952814333013013659e-01 -5.109401081462078054e+01 -1.352649365262842927e-02 9.991589313943529671e-01 3.872094718024436666e-02 6.442263841057549456e-01 9.958904610839419691e-01 1.693024916706283023e-02 -8.897349360320064293e-02 1.537471554585561062e+00
-9.073998957359159789e-02 3.776639559125705148e-02 -9.951582199414834573e-01 -5.188963937982457963e+01 -1.467326534357590688e-02 9.991212958985651316e-01 3.925467023763446611e-02 6.557329354223325746e-01 9.957661154973816986e-01 1.816424013955159067e-02 -9.010610632497351169e-02 1.458656009029513090e+00
-9.168872159149987766e-02 3.964524543757533270e-02 -9.949983977802139279e-01 -5.267919359743297747e+01 -1.456023153738557167e-02 9.990469527501465441e-01 4.114818832871346144e-02 6.651961610412476800e-01 9.956816649862744173e-01 1.826021521329992611e-02 -9.102413115864663173e-02 1.381821945561944931e+00
-9.291053479323591047e-02 4.016139472054540416e-02 -9.948640971104936170e-01 -5.346473650133678035e+01 -1.490792495997170751e-02 9.990183737797464492e-01 4.172127395043771086e-02 6.739431492383540778e-01 9.955627099153926407e-01 1.870772353089801554e-02 -9.222053898651057235e-02 1.301210913883209530e+00
-9.355398638297188207e-02 4.047304948420395176e-02 -9.947909163588943837e-01 -5.424248087270763108e+01 -1.534463255449810756e-02 9.989962567960506412e-01 4.208714380473946998e-02 6.851824539738414765e-01 9.954955276898389549e-01 1.920206821783843748e-02 -9.283897041307884179e-02 1.219986964417219211e+00
-9.376751791414733583e-02 4.242802456547124096e-02 -9.946900809204872740e-01 -5.501408953574801330e+01 -1.381850399740031446e-02 9.989396311433608178e-01 4.391201754238212990e-02 7.005929808040746165e-01 9.954976847904651871e-01 1.786262729211725991e-02 -9.308181322921339762e-02 1.145738942104574720e+00
-9.438584712556265244e-02 4.524852001221274511e-02 -9.945071366799369539e-01 -5.579135976534815455e+01 -1.204328134446300269e-02 9.988419674931352521e-01 4.658877368124025864e-02 7.129013392716239128e-01 9.954624120658753794e-01 1.637450243125525284e-02 -9.373152036757270711e-02 1.070941821453530007e+00
-9.401345462090389404e-02 4.902224245931790375e-02 -9.943635164590602926e-01 -5.656043369382227581e+01 -1.044987087686663138e-02 9.986834088421273625e-01 5.022319654574849968e-02 7.308602548300907609e-01 9.955157295964350839e-01 1.511263503805786168e-02 -9.337735422122346585e-02 9.978766377574785906e-01
-9.434389066133049007e-02 5.140827683535064557e-02 -9.942114358660014695e-01 -5.732543094747152423e+01 -9.751718112084988357e-03 9.985699667963875426e-01 5.255904555869687217e-02 7.434535367951566887e-01 9.954920425704740783e-01 1.465389263037144077e-02 -9.370767613505699700e-02 9.199361318927827824e-01
-9.510859526308221290e-02 5.206961096209015982e-02 -9.941040845460497044e-01 -5.808672177591055430e+01 -8.677981782230659996e-03 9.985499112933305943e-01 5.313265898998394132e-02 7.575588407399371782e-01 9.954288463238603057e-01 1.368013399353733284e-02 -9.451881603024837875e-02 8.448598204400040723e-01
-9.519832034705345836e-02 5.099852537412593451e-02 -9.941512451569629594e-01 -5.883273291899830326e+01 -7.743035224280088100e-03 9.986188797723553057e-01 5.196922684055635400e-02 7.722075900567475504e-01 9.954281838597119902e-01 1.264510515279609892e-02 -9.467195942530177988e-02 7.728342514279965547e-01
-9.570633376037089579e-02 4.823239949571915541e-02 -9.942408408446554713e-01 -5.957075526706093171e+01 -7.503508993319791751e-03 9.987619839405670330e-01 4.917405188762686424e-02 7.863422617755262412e-01 9.953809806875628663e-01 1.216652417626178269e-02 -9.522595018019622271e-02 6.962102502688127803e-01
-9.509737074086320463e-02 4.478619927942654316e-02 -9.944596559509150113e-01 -6.027807069877187729e+01 -6.323321495202146453e-03 9.989401916107907287e-01 4.559262048057684952e-02 8.082403972899169231e-01 9.954480079376143431e-01 1.062399790118727892e-02 -9.471342086992755316e-02 6.250712748737230484e-01
-9.416535089602140474e-02 4.267465728762507432e-02 -9.946415124157095278e-01 -6.098646617626363309e+01 -7.044850680371994925e-03 9.990273922975404508e-01 4.352977453161556431e-02 8.222908304674987345e-01 9.955317591109156261e-01 1.110606442233234674e-02 -9.377304140151890288e-02 5.541208363097825940e-01
-9.197588506619359949e-02 4.239211177350547810e-02 -9.948580666423726404e-01 -6.168391928426389370e+01 -8.180956917403404624e-03 9.990277360140802365e-01 4.332612906178522766e-02 8.416200312362682734e-01 9.957279518528638906e-01 1.212380869010261028e-02 -9.153965094788664436e-02 4.833670817633622940e-01
-8.743084762072630967e-02 4.297292649756093846e-02 -9.952437275133316774e-01 -6.235073748061341803e+01 -7.681976424269126857e-03 9.990106505517768465e-01 4.381042076112493661e-02 8.492184692992280626e-01 9.961405945390293670e-01 1.147587227178441943e-02 -8.701420293105047166e-02 4.235006474277150379e-01
-8.223624848263705323e-02 4.417786757024543681e-02 -9.956334454474249362e-01 -6.301843285305017872e+01 -7.706969477057477869e-03 9.989589506121835383e-01 4.496204842055719075e-02 8.545091852970339019e-01 9.965829018683194374e-01 1.137083728830638567e-02 -8.181020212954648319e-02 3.693897268800177547e-01
-7.508279828335075179e-02 4.565096346152756196e-02 -9.961323075885160083e-01 -6.366940643191720284e+01 -7.441443500622455659e-03 9.988975766298835435e-01 4.633864949805801409e-02 8.615728299180535066e-01 9.971493980958159309e-01 1.089188135584157578e-02 -7.466037834653284355e-02 3.187048659509055248e-01
-6.656574276869507700e-02 4.725302088903998721e-02 -9.966624891859973134e-01 -6.431164527517417184e+01 -8.453165779397643978e-03 9.988151861746085158e-01 4.791962494301237052e-02 8.707052057829028913e-01 9.977465079049332441e-01 1.161474861854171377e-02 -6.608744340591334032e-02 2.765712322311100757e-01
-5.429897139123072980e-02 4.872300879219051278e-02 -9.973357253177292936e-01 -6.492934426557586391e+01 -1.002859118555588999e-02 9.987316844760988355e-01 4.933718183485185510e-02 8.844656751702834052e-01 9.984745640396109900e-01 1.268078992065346973e-02 -5.374151308486806167e-02 2.462707172724518667e-01
-3.958115548418872365e-02 5.005198718764491961e-02 -9.979624146570320598e-01 -6.552788662129707120e+01 -1.189744231897765098e-02 9.986499036807146013e-01 5.055842116105133816e-02 9.006606978335534031e-01 9.991456799828610791e-01 1.387428650143096055e-02 -3.893224819652586072e-02 2.176980274884962596e-01
-2.170430080046480831e-02 5.174714654771315342e-02 -9.984248736929894896e-01 -6.610823865574484159e+01 -1.474710940050538016e-02 9.985339308873452113e-01 5.207342241739001260e-02 9.135836600263311791e-01 9.996552809694024821e-01 1.585403897711731847e-02 -2.090933008688041633e-02 2.129846574694667649e-01
6.713834552012974514e-04 5.227554596595101327e-02 -9.986322617769967103e-01 -6.666884545856906641e+01 -1.608299953442710734e-02 9.985042583134328131e-01 5.225805512885049048e-02 9.353913865160016217e-01 9.998703790127675406e-01 1.602595112769319985e-02 1.511132231365926518e-03 2.185785353535029674e-01
2.578695487040176884e-02 5.245274033302393252e-02 -9.982904406975073863e-01 -6.721632048969165396e+01 -1.730229356144891151e-02 9.984961560954136450e-01 5.201664281284994890e-02 9.504787657065190132e-01 9.995172820776860867e-01 1.593138078286433085e-02 2.665578903418468551e-02 2.462156375385027851e-01
5.480749878437015526e-02 5.224320637084331476e-02 -9.971292628671413194e-01 -6.772730130212525523e+01 -1.681537813266423265e-02 9.985372906568218410e-01 5.139264362136342079e-02 9.554729634980495545e-01 9.983553728097338542e-01 1.395044893500817750e-02 5.560581055880797763e-02 2.924778492892476378e-01
8.778715402681216973e-02 5.229713389051589278e-02 -9.947660278792282984e-01 -6.822201183765345434e+01 -1.699381153578315498e-02 9.985542577303772038e-01 5.099660779990139448e-02 9.663840148146194409e-01 9.959945499563123139e-01 1.242803937049695440e-02 8.854898824281064174e-02 3.594292358148259425e-01
1.248841205011018418e-01 5.241566907757357063e-02 -9.907863633076201548e-01 -6.869979948056132457e+01 -1.704659908797935552e-02 9.985691272451103773e-01 5.067882350949250853e-02 9.759432241151928533e-01 9.920249842809010232e-01 1.056046038587880875e-02 1.255987522537878598e-01 4.446721315094435689e-01
1.653074536218339385e-01 5.247729725790930416e-02 -9.848455452165655322e-01 -6.915860325953639176e+01 -1.677701320250023220e-02 9.985888345333210347e-01 5.039352996911068000e-02 9.810602981719594995e-01 9.860997669706862423e-01 8.192391483543738293e-03 1.659537118448450588e-01 5.502488296010523694e-01
2.092864395603516170e-01 5.307357368175339568e-02 -9.764128172423041097e-01 -6.960175986848533114e+01 -1.674428480464661834e-02 9.985741271136479025e-01 5.068910368606779904e-02 9.910693967267155680e-01 9.777112372835711218e-01 5.740777280910078911e-03 2.098764333260005333e-01 6.750451888013103696e-01
2.565562058008122870e-01 5.238055614619457900e-02 -9.651085278936395451e-01 -7.002590067985337896e+01 -1.510303974640324516e-02 9.986256790156102792e-01 5.018479237562726430e-02 9.997589696593920383e-01 9.664114397104955900e-01 1.700802626861082530e-03 2.569951151835773717e-01 8.322077132724350346e-01
3.074814010450277468e-01 4.790525137711749981e-02 -9.503471388105289019e-01 -7.043294664781727477e+01 -8.164789509082824928e-03 9.988277533763414429e-01 4.770733723795120285e-02 1.000015091356256436e+00 9.515187634266202288e-01 -6.909736529713211318e-03 3.075118455786307048e-01 1.008211440021217431e+00
3.581974814632936654e-01 4.301212106262866652e-02 -9.326548126944570472e-01 -7.083056596249038250e+01 -2.921147292189103448e-03 9.989854914503253358e-01 4.494925983120342389e-02 9.976178902569367013e-01 9.336410773102227223e-01 -1.337628103524182016e-02 3.579600270863810274e-01 1.216464009037557137e+00
