1.000000000000000000e+00 0.000000000000000000e+00 -5.421010862427522170e-20 -7.589415207398531038e-19 0.000000000000000000e+00 1.000000000000000000e+00 1.525506338004994911e-18 6.938893903907228378e-18 0.000000000000000000e+00 -3.557538378468061424e-19 1.000000000000000000e+00 0.000000000000000000e+00
9.998951921171184143e-01 1.655927785944130703e-03 1.439247376463462409e-02 1.707336783112880230e-01 -1.631171177314231710e-03 9.999969824710841504e-01 -1.731655746049491412e-03 1.681101675384525512e-02 -1.439529671471995002e-02 1.707999303246585370e-03 9.998948254117973056e-01 3.835778638339827351e-01
9.989277890025245465e-01 -1.459943970412257500e-03 4.627034136123593655e-02 4.014451947009378130e-01 1.689457368692459487e-03 9.999867436308543800e-01 -4.921418129656114290e-03 1.995134402667150114e-02 -4.626252462021149953e-02 4.994313732406272140e-03 9.989164673666210970e-01 1.060154615839069780e+00
9.956283816566665612e-01 -1.507674002785834577e-03 9.338816180586549665e-02 5.199271640508932313e-01 2.207984489880948815e-03 9.999705955096576115e-01 -7.395895670597413957e-03 -3.250495191158953717e-02 -9.337412368746876579e-02 7.569773502890123767e-03 9.956020228336757150e-01 1.978786798129304580e+00
9.900330534009441630e-01 -5.474005595223216739e-04 1.408307834058397101e-01 6.666411521829916920e-01 1.994686770213623637e-03 9.999461684694433972e-01 -1.013578431613286826e-02 -3.227077093416649833e-02 -1.408180753488629811e-01 1.031567157525758831e-02 9.899817781296125219e-01 3.023782303156263840e+00
9.822957663022847674e-01 -3.538818145441831320e-03 1.873014894661297614e-01 8.162015158682488503e-01 5.629673274436761479e-03 9.999279230603163038e-01 -1.063230298259724461e-02 -8.485027804332787027e-02 -1.872494853957095973e-01 1.149849847129115477e-02 9.822453106373988385e-01 3.989777759553972736e+00
9.724562927949744751e-01 -4.505968506353194569e-03 2.330426271376453973e-01 1.045255067870787258e+00 7.359094434433924650e-03 9.999080529506906290e-01 -1.137490284054528192e-02 -1.110046066497062667e-01 -2.329699419848393072e-01 1.277656452192206180e-02 9.723996542543349442e-01 4.951557663801056108e+00
9.605913834530138695e-01 -7.392330173276552736e-03 2.778659649581267099e-01 1.346647822031100228e+00 1.158588903555818686e-02 9.998423184206040037e-01 -1.345299388995939774e-02 -1.325746361006456819e-01 -2.777225839340837221e-01 1.614221975912779466e-02 9.605252981263822099e-01 5.927284139681614938e+00
9.472110008030952821e-01 -8.938314728325036720e-03 3.204850673704581210e-01 1.639037424103047424e+00 1.455021585031390959e-02 9.997799385972280239e-01 -1.512004793267128847e-02 -2.072067841351344364e-01 -3.202795117243737444e-01 1.898502968372459826e-02 9.471330605996768348e-01 6.829673486309594033e+00
9.317052621589138051e-01 -8.881318582899999994e-03 3.631060089884920461e-01 1.993670121881628399e+00 1.576306577382852181e-02 9.997479644545418376e-01 -1.599379221533843085e-02 -2.014890834436860456e-01 -3.628729144402274009e-01 2.062516349114082090e-02 9.316107733865444107e-01 7.734996350956228284e+00
9.132577054108476089e-01 -9.664396760403431638e-03 4.072686102902581262e-01 2.428748444397572648e+00 1.712106858699122269e-02 9.997457735389423394e-01 -1.466840830929042744e-02 -2.383620552422145433e-01 -4.070228489005550121e-01 2.036890713579627560e-02 9.131905210502099246e-01 8.665255969066867792e+00
8.930570564558536484e-01 -1.011092081694982096e-02 4.498287540368310911e-01 2.838108608622505802e+00 1.826905480719510574e-02 9.997379627389816337e-01 -1.379861564619503343e-02 -2.858249498806503253e-01 -4.495718472517609698e-01 2.054083563449370792e-02 8.930079808051646362e-01 9.529616691930609562e+00
8.704759318846041483e-01 -9.401003334932614419e-03 4.921216486420625369e-01 3.338596815196321455e+00 1.834552853966074648e-02 9.997422443713396278e-01 -1.335187340993638713e-02 -2.911060284862752590e-01 -4.918692030444685170e-01 2.065064960245361486e-02 8.704238237440560244e-01 1.040809185899643907e+01
8.464094972494898839e-01 -9.805189951118680955e-03 5.324425940009582803e-01 3.846549284314197514e+00 1.975561422733719541e-02 9.997201100351659209e-01 -1.299461688572854309e-02 -3.169364670141017748e-01 -5.321657913301207632e-01 2.151744074049392538e-02 8.463663927153440847e-01 1.123304847890412184e+01
8.206052707134725566e-01 -1.161377158966158708e-02 5.713763102309772357e-01 4.389857373000966234e+00 2.285534512794040046e-02 9.996601640722100335e-01 -1.250561158707570210e-02 -3.708600308026118175e-01 -5.710376354356724304e-01 2.332120645661034386e-02 8.205925652143173377e-01 1.200405157487378460e+01
7.929714452554952331e-01 -1.144376002427422746e-02 6.091512381783528163e-01 4.994759650116078475e+00 2.478318613563131739e-02 9.996017016165684721e-01 -1.348296751899511273e-02 -3.785029159789958797e-01 -6.087536203042441807e-01 2.578825464515656016e-02 7.929398531279363560e-01 1.281196678896850472e+01
7.640522086310026495e-01 -1.448019883129538291e-02 6.449918513692078914e-01 5.603209729230287373e+00 2.937964942950646585e-02 9.994916006678566944e-01 -1.236413975419653477e-02 -4.392507082971783827e-01 -6.444851540716617366e-01 2.839647908931380513e-02 7.640891907011406747e-01 1.352877162699451397e+01
7.331552197774249269e-01 -1.362336772192538834e-02 6.799247480700932877e-01 6.239376185421716237e+00 2.964038645937306510e-02 9.994894436526667869e-01 -1.193444352511290052e-02 -4.595013434371865158e-01 -6.794150299630566936e-01 2.890298307927243252e-02 7.331843365699081128e-01 1.423405389294791767e+01
6.997831913543018922e-01 -1.314361409199275854e-02 7.142346802426308150e-01 6.952065073013728558e+00 3.128017379852768981e-02 9.994360099125504382e-01 -1.225522363761970789e-02 -4.635871729816077869e-01 -7.136708801951138215e-01 3.091738688003385638e-02 6.997987987331476534e-01 1.491748553708981895e+01
6.656488591395016696e-01 -1.377812989237409830e-02 7.461379132914420786e-01 7.643554398933866345e+00 3.498832777130234106e-02 9.993062456089927270e-01 -1.276082669701777798e-02 -5.181579836592554722e-01 -7.454442218982164636e-01 3.460037439232236528e-02 6.656688952515055213e-01 1.554196301735467856e+01
6.299382479645538879e-01 -1.300873621922316557e-02 7.765366332938217209e-01 8.423376914876048005e+00 3.690269975765261140e-02 9.992317951677059940e-01 -1.319673337442179607e-02 -5.389972660325887954e-01 -7.757681342477522612e-01 3.696950765330490191e-02 6.299339568677402301e-01 1.616662317030549900e+01
5.934468107624681910e-01 -1.247047036862472882e-02 8.047765290636305080e-01 9.175978661125887115e+00 3.981571356073391327e-02 9.991102194850982610e-01 -1.387856068210357660e-02 -5.835601064258857384e-01 -8.038871619404901470e-01 4.027895275598043778e-02 5.934159697524332699e-01 1.671697057770076000e+01
5.554728809294172676e-01 -1.109543846401751799e-02 8.314607432009674115e-01 9.954909529159413850e+00 4.369486413256395280e-02 9.989194187521491797e-01 -1.586105673602149213e-02 -6.305432970637170342e-01 -8.303856855484775812e-01 4.514097809452233268e-02 5.553567003184336492e-01 1.722974376863957247e+01
5.175832041103023418e-01 -9.969931452239733094e-03 8.555745745832170623e-01 1.079270683630110561e+01 4.637319591654058548e-02 9.987892420985907682e-01 -1.641479199083062390e-02 -6.371592645738261007e-01 -8.543755054839342611e-01 4.817175001582188476e-02 5.174185537911069055e-01 1.775294636925861624e+01
4.798780865621580793e-01 -1.123503080903972585e-02 8.772626246314954024e-01 1.165069167031987973e+01 5.088688733433607836e-02 9.985909148508831379e-01 -1.504715928065215522e-02 -6.707614100879745189e-01 -8.758575626117511836e-01 5.186203316537901786e-02 4.797739985869587387e-01 1.818449030118680909e+01
4.433006904567748929e-01 -1.244383603668111279e-02 8.962860459010705272e-01 1.252102549001992671e+01 5.566987390949609815e-02 9.983558513645098831e-01 -1.367323211157864087e-02 -7.036447755139594307e-01 -8.946421741647948567e-01 5.595749536044819505e-02 4.432644581787150706e-01 1.862631991562279765e+01
4.082891293850496872e-01 -1.052472975000468686e-02 9.127922999431662410e-01 1.340846564492633419e+01 5.643688295504428049e-02 9.983112771419272446e-01 -1.373323675973964555e-02 -7.402637251322605749e-01 -9.111062549144880451e-01 5.712231078872165302e-02 4.081935934730229754e-01 1.902720707960228452e+01
3.751313915343794103e-01 -1.103799721978780853e-02 9.269065423110391944e-01 1.431076276481990561e+01 5.749713503768873191e-02 9.982806059982727298e-01 -1.138187868383440556e-02 -7.527342521834025080e-01 -9.251867640207354082e-01 5.756407827037728075e-02 3.751210024673477528e-01 1.937762861081327870e+01
3.422506906779755886e-01 -1.202922408109312509e-02 9.395322042106061255e-01 1.525418310491757268e+01 5.989899427840143786e-02 9.981631356522882026e-01 -9.039983890951305487e-03 -7.554796536978660715e-01 -9.376974483995890175e-01 5.937090613168907738e-02 3.423431736697361005e-01 1.972988117389001772e+01
3.097641540766046253e-01 -1.220164877229727544e-02 9.507350017638128703e-01 1.617725855968927817e+01 6.051522941468949479e-02 9.981437985580148275e-01 -6.906692539941050937e-03 -7.891997743966691070e-01 -9.488860817797618585e-01 5.967335028707086708e-02 3.099280473653807100e-01 2.002505853037936134e+01
2.778488273558732957e-01 -1.009715760209999209e-02 9.605718330588300935e-01 1.713055536341857632e+01 5.888184577443090345e-02 9.982434438467873150e-01 -6.538628189720989241e-03 -8.115985760803423599e-01 -9.588188046682226684e-01 5.837698537336087623e-02 2.779547287973393455e-01 2.030746576068064613e+01
2.464557394208117813e-01 -7.813253411934251505e-03 9.691231824391103311e-01 1.811824735496026051e+01 5.869726795126856134e-02 9.982521488164608492e-01 -6.879090271939449289e-03 -8.014994934588317577e-01 -9.673748525247729546e-01 5.858031982459262210e-02 2.464831117627273027e-01 2.056853743628230191e+01
2.164583794833712937e-01 -7.619548855619176497e-03 9.762621020748710743e-01 1.909663897612282568e+01 6.067545935393807433e-02 9.981417703733191926e-01 -5.662725601412925934e-03 -8.363621322743552966e-01 -9.744045330311206232e-01 6.046094265239179699e-02 2.165178501433095704e-01 2.078083305014646598e+01
1.857288150493786316e-01 -8.543440796521056813e-03 9.825640974892666524e-01 2.010854320544694573e+01 6.276218769991516455e-02 9.980231360858636824e-01 -3.185746469724625666e-03 -8.667439883843033321e-01 -9.805940569799440620e-01 6.225957894001390991e-02 1.858980488647576368e-01 2.097645779892520679e+01
1.547657589793089150e-01 -9.347060040101263373e-03 9.879069510904580076e-01 2.115472430595988129e+01 6.158862601695390404e-02 9.981012537437952137e-01 -2.049982402486525605e-04 -8.642128398266414324e-01 -9.860297889619564771e-01 6.087551821332647800e-02 1.550479872768959211e-01 2.114567331533658034e+01
1.255446458298335732e-01 -9.250201861457077110e-03 9.920445854631874116e-01 2.219093002332932940e+01 6.208455389586271800e-02 9.980701160576946895e-01 1.449516054689950787e-03 -8.715480505704048531e-01 -9.901438279507842610e-01 6.140869305957526170e-02 1.258762381124716168e-01 2.128313352895702337e+01
9.753248138011581803e-02 -8.793292478937174070e-03 9.951940133530717825e-01 2.326846193364589155e+01 6.437467802080158730e-02 9.979221543792782256e-01 2.508444272552395448e-03 -8.797387620217894666e-01 -9.931486106146558690e-01 6.382064980781175512e-02 9.789586424060595093e-02 2.139073308540979923e+01
7.251540813234215455e-02 -8.585217421146278463e-03 9.973300444512215313e-01 2.433742677198523907e+01 6.860021279808610484e-02 9.976380863107038310e-01 3.599983159732488697e-03 -8.846871003406168166e-01 -9.950056357916524652e-01 6.815597587595137452e-02 7.293310555695392550e-02 2.145995779173818008e+01
4.999293953206847968e-02 -8.600987718736402901e-03 9.987125448807968597e-01 2.543540875819584812e+01 7.299099436570502530e-02 9.973202900794772008e-01 4.935259549835159174e-03 -8.862026081115408349e-01 -9.960789822867811560e-01 7.265031325006834906e-02 5.048677038845433840e-02 2.151224705510812285e+01
2.933735422118088215e-02 -8.785149134093225148e-03 9.995314980003555672e-01 2.656176359274304133e+01 7.825768097883067931e-02 9.969117459799490266e-01 6.465168611714389515e-03 -8.961254234910954741e-01 -9.965016841767676548e-01 7.803129130773160671e-02 2.993429979887009956e-02 2.154817169779892438e+01
1.167378936379324592e-02 -9.418456242635278586e-03 9.998877858020819298e-01 2.765755470923226866e+01 8.308638295788214889e-02 9.965071076650577897e-01 8.416555100723923169e-03 -8.969876966084693315e-01 -9.964738289186660936e-01 8.297883426795676920e-02 1.241560297114902012e-02 2.156154166578949827e+01
-4.325023585656608167e-03 -1.005876743501177631e-02 9.999402988660766045e-01 2.877375334530415429e+01 8.601441003235585359e-02 9.962400280616182657e-01 1.039358046029571596e-02 -8.997453090345066684e-01 -9.962847120745323970e-01 8.605413565077149607e-02 -3.443564475961736690e-03 2.155737446591244932e+01
-1.938620477436903133e-02 -1.022788739593211843e-02 9.997594302979116998e-01 2.993442680526882782e+01 8.824266594231336414e-02 9.960279643379490455e-01 1.190078935226583992e-02 -9.007933670928027770e-01 -9.959100686374701139e-01 8.845214947525835425e-02 -1.840665956357991767e-02 2.153262849811711632e+01
-3.198339607148336511e-02 -1.181254253267216212e-02 9.994183296226645252e-01 3.108620028179697314e+01 8.902461241079752396e-02 9.959221855791600131e-01 1.462020728947634532e-02 -9.275211233845966907e-01 -9.955160657045334371e-01 8.944042015191430717e-02 -3.080138950767663877e-02 2.151757341212473307e+01
-4.405027734682427643e-02 -1.112375082643822510e-02 9.989677106860491707e-01 3.222224547511689963e+01 8.890613539724358250e-02 9.959269282001433909e-01 1.501021126561380599e-02 -9.062336553751715318e-01 -9.950653187966937985e-01 8.947553608111885604e-02 -4.288185085331900487e-02 2.146441626359130694e+01
-5.612780134940430210e-02 -8.233575833748552758e-03 9.983901856235531946e-01 3.340221260398138980e+01 8.892944280810125002e-02 9.959503790594976813e-01 1.321294317349293659e-02 -8.932363018111396658e-01 -9.944554826957736626e-01 8.952784017331540112e-02 -5.516827771009330528e-02 2.141242786238183271e+01
-6.593929787580278534e-02 -6.287610050408089929e-03 9.978043111965372303e-01 3.457100771055340260e+01 8.954566181195661168e-02 9.959076581594838995e-01 1.219322134772097069e-02 -9.084384305687318584e-01 -9.937975697467403835e-01 9.015297477452656472e-02 -6.510646028368102800e-02 2.132905607386028990e+01
-7.542650699439235051e-02 -3.455015975358680623e-03 9.971454545097220290e-01 3.577758911687046606e+01 9.007553019203139166e-02 9.958823269886886154e-01 1.026418643328622614e-02 -8.926197693112437603e-01 -9.930747921217699670e-01 9.059253323488571097e-02 -7.480471999429638696e-02 2.124935468140139605e+01
-8.298202941432027135e-02 -2.089234637846708320e-03 9.965494069398265209e-01 3.700284257225376194e+01 9.020209712150199788e-02 9.958772631918924034e-01 9.598894727408003799e-03 -8.866204498745497986e-01 -9.924605544432490989e-01 9.068736369608604297e-02 -8.245143377757208070e-02 2.115275091805781926e+01
-8.879965668271211365e-02 -1.139030470596093204e-03 9.960485660342561776e-01 3.824972515719001365e+01 9.032162548610710162e-02 9.958705633239607335e-01 9.191183853379608637e-03 -8.923739884266771449e-01 -9.919462698483890728e-01 9.078093215656278525e-02 -8.833000664124862622e-02 2.105216789074302142e+01
-9.488022318727547255e-02 -6.163906534880792681e-04 9.954888354124825645e-01 3.952952382732022585e+01 9.112207280263630305e-02 9.957959179606058475e-01 9.301435920684570507e-03 -8.899754670310028315e-01 -9.913092503498451835e-01 9.159349104998483482e-02 -9.442519477333048694e-02 2.093890512625434042e+01
-9.854657379765123515e-02 1.770694202569397194e-03 9.951312916680339349e-01 4.082664068283553149e+01 9.006278024434866136e-02 9.959102878149007632e-01 7.146723901129052245e-03 -8.708452952273344483e-01 -9.910484021576396740e-01 9.032856612819280262e-02 -9.830311401724953213e-02 2.080189101221533221e+01
-1.028686479884126370e-01 2.522157480050233637e-03 9.946917585904353487e-01 4.214672768319810103e+01 9.034998893886474203e-02 9.958870088189264447e-01 6.818563935872975178e-03 -8.774860836452377244e-01 -9.905826090212571655e-01 9.057174316218784271e-02 -1.026733608305138989e-01 2.066941750402069999e+01
-1.061244202490192468e-01 1.485493783279728461e-03 9.943520147931813602e-01 4.346247517473966582e+01 9.045100916574823346e-02 9.958675434026559303e-01 8.165858228080908124e-03 -8.687678166937143898e-01 -9.902301057715980903e-01 9.080668964726179571e-02 -1.058211231536366898e-01 2.052730820476036655e+01
-1.083841865642621444e-01 -3.820580070230442625e-04 9.941086688861603404e-01 4.483546812227895373e+01 9.087923745671613873e-02 9.958084072918153007e-01 1.029096557796112602e-02 -8.664689158365278532e-01 -9.899467794978437096e-01 9.145931818952537928e-02 -1.078952207275531983e-01 2.038986205807048790e+01
-1.105006335413563356e-01 -1.639608430178885867e-03 9.938748338969375373e-01 4.620997001915163338e+01 9.147703727285401432e-02 9.957375029514916598e-01 1.181329371605364421e-02 -8.547689292886354595e-01 -9.896573530044899814e-01 9.222209442734380369e-02 -1.098798694101354029e-01 2.024021617334022594e+01
-1.128781396786896762e-01 -2.032648350450829561e-03 9.936068533660343816e-01 4.760001338054129150e+01 9.256309899847468825e-02 9.956274283033237360e-01 1.255230327216133937e-02 -8.547363303778270360e-01 -9.892881836282502173e-01 9.338818778446124347e-02 -1.121962886246340718e-01 2.009010694894301352e+01
-1.133481545607276236e-01 -1.322752925122595239e-03 9.935541265523498700e-01 4.902439800512254919e+01 9.321218997365249281e-02 9.955745911684634741e-01 1.195949248913776540e-02 -8.427453438969783051e-01 -9.891728666018293481e-01 9.396702785532916324e-02 -1.127234366077357886e-01 1.993015992177982554e+01
-1.142507613943560124e-01 -5.768470986438577457e-04 9.934513876168753477e-01 5.046145817489327356e+01 9.461726687540857050e-02 9.954482367303589818e-01 1.145935255230159586e-02 -8.438088417315169343e-01 -9.889359592675770472e-01 9.530692378214083993e-02 -1.136764753360030022e-01 1.976753117587430708e+01
-1.139866720575814230e-01 8.539326172488483427e-05 9.934825476622128893e-01 5.193461831625918990e+01 9.458256237969930869e-02 9.954589505774896763e-01 1.076633033288014463e-02 -8.263769319096196941e-01 -9.889701416680442003e-01 9.519330992856393781e-02 -1.134772785199081729e-01 1.960557574657411095e+01
-1.132315994243747737e-01 1.301621735480155279e-03 9.935676645754339953e-01 5.343927136099074460e+01 9.436000912236421068e-02 9.954929977382979134e-01 9.449569663920163315e-03 -8.287745148603108403e-01 -9.890777526495462268e-01 9.482312860358188544e-02 -1.128443983139231221e-01 1.944177713384196338e+01
-1.127816918861587886e-01 8.342622187826104121e-04 9.936196262020523529e-01 5.492879607215648008e+01 9.419469925271445332e-02 9.955049815773405752e-01 9.855837109592379547e-03 -8.214494926711677358e-01 -9.891448588678056764e-01 9.470521785839537687e-02 -1.123532896911816764e-01 1.928202422496038437e+01
-1.107025641542810357e-01 5.966285036414157705e-04 9.938535805356474295e-01 5.645692344510945304e+01 9.442999906286352052e-02 9.954825354232555989e-01 9.920707789713992947e-03 -8.119179515291672367e-01 -9.893570847088456466e-01 9.494790985413323336e-02 -1.102589712689745483e-01 1.911795752699097761e+01
-1.093653806398389994e-01 5.625887797890453349e-04 9.940019195483983383e-01 5.799772725682141328e+01 9.472164857386738968e-02 9.954546958609499230e-01 9.858393404974272883e-03 -8.142091318330523242e-01 -9.894776169929796472e-01 9.523159787628369954e-02 -1.089223152211109408e-01 1.894168202924761601e+01
-1.087665096839649792e-01 1.550182737775554400e-03 9.940660062298859456e-01 5.957050896856950573e+01 9.408791247321317275e-02 9.955252392005136119e-01 8.742191244463931588e-03 -8.107960941150532674e-01 -9.896042749446425368e-01 9.448046126871678663e-02 -1.084247295165486069e-01 1.877843543582270414e+01
-1.076012093302366746e-01 1.830590970705118278e-03 9.941922210835583140e-01 6.117094703842993653e+01 9.555880877761738224e-02 9.953872283121499853e-01 8.509494461985071118e-03 -8.225181997691485281e-01 -9.895909719806531557e-01 9.591948023405173773e-02 -1.072800189819133332e-01 1.860157467102300188e+01
-1.068120266064838675e-01 1.746131826644648725e-03 9.942777096827255523e-01 6.276867572142831619e+01 9.553587012228732800e-02 9.953891141385335928e-01 8.514987095673677217e-03 -8.191852286861931454e-01 -9.896782624777542559e-01 9.589870816538031972e-02 -1.064860875320496475e-01 1.843614089211700602e+01
-1.059536384018344157e-01 2.731809343647462023e-04 9.943709092762673674e-01 6.440431669855163932e+01 9.605742920348625535e-02 9.953264066131087828e-01 9.961851130619481243e-03 -8.049984960684737345e-01 -9.897209490850370495e-01 9.657217417714800134e-02 -1.054847682112743379e-01 1.826816465219906860e+01
-1.048151809971462067e-01 -1.563100706154264396e-03 9.944909238853693045e-01 6.605737589469211457e+01 9.854532611650269891e-02 9.950612867979218290e-01 1.195023292105731882e-02 -8.244062692439433349e-01 -9.895971563807356430e-01 9.925494945465902774e-02 -1.041431058007755567e-01 1.809824745895050668e+01
-1.045771282354740206e-01 -9.593378249215224690e-04 9.945164738642785496e-01 6.769447075108756451e+01 1.000401733306744978e-01 9.949173075641714048e-01 1.147932735645884432e-02 -8.146364390246816356e-01 -9.894727534436645877e-01 1.006920405758615633e-01 -1.039501793286974202e-01 1.793014983381199912e+01
-1.029695977074153029e-01 -2.230612185807808465e-04 9.946848303205362285e-01 6.937161111150673776e+01 1.003441689026576267e-01 9.948964458745552797e-01 1.061074675007188557e-02 -8.077505593819406249e-01 -9.896097999336936901e-01 1.009033533249485970e-01 -1.024218481671400477e-01 1.776483609864005686e+01
-1.028663345248074928e-01 -2.551940961147375168e-06 9.946949099294609686e-01 7.106131246888413955e+01 1.007713494109160890e-01 9.948546152284155619e-01 1.042378194063459974e-02 -8.062171478488301402e-01 -9.895774383631207316e-01 1.013090283010050219e-01 -1.023362807036080624e-01 1.759416775251681742e+01
-1.031463616756896073e-01 -7.119592420061480499e-04 9.946657499050794993e-01 7.274882799869999417e+01 1.007376973512017770e-01 9.948500512201702284e-01 1.115851069976571582e-02 -8.068713826960566271e-01 -9.895513230554368045e-01 1.013513160477002711e-01 -1.025426895444806058e-01 1.742417761551699584e+01
-1.019319987279464490e-01 -9.390564828987738814e-04 9.947910414761600428e-01 7.447308299669496989e+01 1.007524026976315684e-01 9.948476977814330047e-01 1.126279616308219905e-02 -8.012545916064234275e-01 -9.896759499673555283e-01 1.013756360333589873e-01 -1.013116990534865813e-01 1.724843541055417262e+01
-1.025441601293718419e-01 -9.773417513915141734e-04 9.947283952028573850e-01 7.619621395648898954e+01 1.017591522887024008e-01 9.947430743681550114e-01 1.146746274333098996e-02 -8.033032837353256683e-01 -9.895094359090196301e-01 1.023985853557060760e-01 -1.019049142387831453e-01 1.708216281431429451e+01
-1.015082620075373476e-01 -1.791319511928463146e-03 9.948334868405931397e-01 7.795397940411196203e+01 1.019327397484144082e-01 9.947161343471998540e-01 1.219193223302070944e-02 -7.911594600303719638e-01 -9.895991137750572708e-01 1.026436929991325353e-01 -1.007898723396624396e-01 1.690193036778067182e+01
-1.016820910503046654e-01 -1.076047876794846260e-03 9.948167247645605116e-01 7.972500640203426769e+01 1.028424259930510454e-01 9.946302800395037114e-01 1.158759013425589811e-02 -7.884303254229267921e-01 -9.894867592019404023e-01 1.034875494154060133e-01 -1.010251889891990995e-01 1.672456742784090977e+01
-1.027127986960369860e-01 -1.110806653982860043e-04 9.947108058645112161e-01 8.149299660286638414e+01 1.030340363516252661e-01 9.946193261419018494e-01 1.075027505787974624e-02 -7.873934452857161981e-01 -9.893606145123499118e-01 1.035932140888959352e-01 -1.021485274458647924e-01 1.654529485279680046e+01
-1.024637481848766213e-01 3.371926856012941003e-04 9.947368918429628781e-01 8.329723611757854940e+01 1.014860861471051368e-01 9.947853504870851626e-01 1.011647925650905819e-02 -7.835509965741203064e-01 -9.895457767560651430e-01 1.019885235782752725e-01 -1.019636023022086613e-01 1.636601277285677725e+01
-1.034968115384691939e-01 1.130982648870190862e-03 9.946287519772999408e-01 8.510069383929715059e+01 1.024189404736822878e-01 9.946955114235799256e-01 9.526239127202481768e-03 -8.227773530382556100e-01 -9.893421207624802927e-01 1.028548190721602501e-01 -1.030636998851106878e-01 1.619148309424832632e+01
-1.057845999327982206e-01 8.714049712567329114e-04 9.943890722509433067e-01 8.691304957520270591e+01 1.016147800086480563e-01 9.947738919226469800e-01 9.938176257125853549e-03 -8.109478713743930589e-01 -9.891831677196742945e-01 1.020958917651936804e-01 -1.053202919898487966e-01 1.601198927578308329e+01
-1.064207817347024160e-01 9.591431868400331117e-04 9.943209598688340645e-01 8.876939915984328877e+01 1.010185482834075055e-01 9.948360505207661797e-01 9.852218553972239001e-03 -8.104674044288621149e-01 -9.891763815167672336e-01 1.014933294970265104e-01 -1.059682687860636768e-01 1.582117223520569560e+01
-1.069088267662443581e-01 2.344812023592456052e-04 9.942686898977434184e-01 9.062206222060657979e+01 9.952400168423745919e-02 9.949798809177659020e-01 1.046668104577970146e-02 -8.032345486669564272e-01 -9.892756563892717292e-01 1.000725810340195726e-01 -1.063950541515215759e-01 1.562652305966456190e+01
-1.087736075138189401e-01 2.168611905930749014e-04 9.940669579515856169e-01 9.247187338957390068e+01 9.823070348724835532e-02 9.951074703883616701e-01 1.053158997678628646e-02 -7.997790422175725666e-01 -9.892014321879399885e-01 9.879339596292159575e-02 -1.082628628745428562e-01 1.543023763914903057e+01
-1.107705267169836610e-01 1.092528977569889349e-03 9.938451996932016197e-01 9.435838075069524677e+01 9.775504333166164239e-02 9.951617404294821334e-01 9.801499531795968348e-03 -8.015587770924144095e-01 -9.890264850703245347e-01 9.823907876542170570e-02 -1.103422137124984020e-01 1.522287870455543235e+01
-1.154011941545941833e-01 2.043780683324434612e-03 9.933164418097583104e-01 9.624905598023896403e+01 9.848623948488356705e-02 9.950937557434631486e-01 9.394482341959331517e-03 -8.053307841723592597e-01 -9.884240298558487625e-01 9.891223847683311421e-02 -1.150365615888689214e-01 1.501861029521733037e+01
-1.192579215646341478e-01 1.295417126994594841e-03 9.928624055192493136e-01 9.816003236738582416e+01 9.683508535521957727e-02 9.952469355018169761e-01 1.033289675715344698e-02 -8.002688120445180520e-01 -9.881295327624388669e-01 9.737626405239291350e-02 -1.188170139371828998e-01 1.479983774494296256e+01
-1.244601778743752440e-01 1.565273525663114004e-03 9.922233273172589296e-01 1.000755754537433262e+02 9.522407197752529029e-02 9.954016590893414174e-01 1.037423566900880223e-02 -7.964792246060923286e-01 -9.876443819531997015e-01 9.577475002193579223e-02 -1.240364812149662155e-01 1.455983367199744549e+01
-1.297400308042462036e-01 2.285387552949813810e-03 9.915459719093427937e-01 1.019891806466151110e+02 9.383044632173601074e-02 9.955379661908543287e-01 9.982750896637988119e-03 -8.117706302490667047e-01 -9.870983958054233565e-01 9.433228759710692024e-02 -1.293759353866080208e-01 1.432626818022851012e+01
-1.334754530762587710e-01 2.300639576633145902e-03 9.910498999914290064e-01 1.039358693759220955e+02 9.317829460369871086e-02 9.955972010954988738e-01 1.023819727847632803e-02 -8.198370143881072991e-01 -9.866623127258582482e-01 9.371077799019966736e-02 -1.331027480192399637e-01 1.407725309355021359e+01
-1.379730721845634778e-01 4.209882984853665494e-03 9.904270052055961227e-01 1.058786871395221567e+02 9.296203686513965225e-02 9.956311500950790760e-01 8.718242345134344026e-03 -8.187874356763200634e-01 -9.860636889158376217e-01 9.327503439689838194e-02 -1.377620779105157012e-01 1.381804838061074392e+01
-1.433986999571277288e-01 4.098645345093204599e-03 9.896569885646240294e-01 1.078233722746191177e+02 9.131654907718120273e-02 9.957807164824414858e-01 9.107559073874119809e-03 -8.134176815657073734e-01 -9.854427397655931564e-01 9.167800980789127252e-02 -1.431680165253138570e-01 1.355878936741694041e+01
-1.481230497707478055e-01 3.657019081574836364e-03 9.889619621988999798e-01 1.097889456280413327e+02 8.990509527538803614e-02 9.959018874522250764e-01 9.783007494189980419e-03 -8.219002290967639679e-01 -9.848737827165326975e-01 9.036183717965215467e-02 -1.478448376814772425e-01 1.327444787111836000e+01
-1.543455380055769044e-01 3.384575376949311085e-03 9.880111405973945882e-01 1.117595309553379366e+02 8.807404406782928796e-02 9.960601736821683705e-01 1.034671424897026099e-02 -8.187372450888000808e-01 -9.840834135707589025e-01 8.861511992147740047e-02 -1.540356356765914814e-01 1.299162548367677594e+01
-1.598265219479962918e-01 2.709234637303241031e-03 9.871416579616204556e-01 1.137450873848873130e+02 8.669971898801491494e-02 9.961703263705502520e-01 1.130343143888638824e-02 -8.188081610623250128e-01 -9.833304661821118398e-01 8.739141480755600877e-02 -1.594488044225539636e-01 1.268192686016153381e+01
-1.650333681052623125e-01 2.809771402129306386e-03 9.862839390751004798e-01 1.157377357323905898e+02 8.666048472773313360e-02 9.961698131102980636e-01 1.166287417501130942e-02 -8.126262858178284754e-01 -9.824729556444293799e-01 8.739661689698424718e-02 -1.646444450050356390e-01 1.235420224840353320e+01
-1.716141129043630698e-01 3.097494728533212172e-03 9.851591111823962965e-01 1.177242346102481463e+02 8.744318420116832524e-02 9.960958144908046430e-01 1.210066533843945184e-02 -8.143737487710294154e-01 -9.812759458258281109e-01 8.822209804753913809e-02 -1.712147015864415034e-01 1.202496955554518188e+01
-1.762641089451138510e-01 4.710283543136045692e-03 9.843312798630062810e-01 1.197219525134619005e+02 8.723047439395151259e-02 9.961292490457791526e-01 1.085359836429749571e-02 -8.112565576064970641e-01 -9.804703551277250684e-01 8.777687026826100358e-02 -1.759921401006652730e-01 1.168342097685094849e+01
-1.819387997928720302e-01 4.665495887702073713e-03 9.832989280756518902e-01 1.217413241251807676e+02 8.711250933002495644e-02 9.961336857047415894e-01 1.139199996333230963e-02 -8.293043450573220898e-01 -9.794438429142519054e-01 8.773027903829767882e-02 -1.816418859118695550e-01 1.132077545777077532e+01
-1.883642377424701309e-01 4.383279239246347901e-03 9.820899775351352723e-01 1.237528199073765478e+02 8.677557007890941698e-02 9.961531647960744085e-01 1.219738231157478474e-02 -8.224606329677135452e-01 -9.782582669817647680e-01 8.751895082065343223e-02 -1.880199270536042355e-01 1.095239226413055533e+01
-1.926339572748704543e-01 4.866575981929967612e-03 9.812584510864194032e-01 1.257825405796593543e+02 8.685597764972596835e-02 9.961474311520254199e-01 1.211051376518537150e-02 -8.096384688359783421e-01 -9.774195560774197045e-01 8.756109319873850438e-02 -1.923144738771548901e-01 1.057726445327597453e+01
-1.987900199848916249e-01 5.529802196159570686e-03 9.800270328180417101e-01 1.278090678291094662e+02 8.574554962495367638e-02 9.962477952403521186e-01 1.177133899384404103e-02 -8.035741504025292192e-01 -9.762834820034553829e-01 8.637289654322889698e-02 -1.985177752554604658e-01 1.018166864504922131e+01
-2.025177065790835784e-01 4.511054639069047266e-03 9.792677660689917962e-01 1.298485966378408420e+02 8.645833386380591401e-02 9.961666374344276820e-01 1.329116435925497587e-02 -8.052556313774288377e-01 -9.754545026694427801e-01 8.735761083870888233e-02 -2.021319308553440885e-01 9.770577310699103180e+00
-2.064032167623120473e-01 5.067682191997431411e-03 9.784536943390488295e-01 1.318841754011035050e+02 8.931887145798335370e-02 9.959089774029498132e-01 1.368354268999096186e-02 -8.084323864844332741e-01 -9.743819018196426818e-01 9.021864303073913460e-02 -2.060107606406378078e-01 9.343895743187701441e+00
-2.110915249285688078e-01 6.207256635312869558e-03 9.774469849622354767e-01 1.339306854698281484e+02 9.003098065665786354e-02 9.958526471204621755e-01 1.311916621722641722e-02 -8.161040548761939739e-01 -9.733115514882898500e-01 9.076981025761968191e-02 -2.107751221918934548e-01 8.915385558784851838e+00
-2.136169831219654758e-01 6.077001202121554146e-03 9.768987161039986988e-01 1.359934247061419228e+02 9.049350324171710758e-02 9.958039606831402546e-01 1.359339692526538752e-02 -8.055346092177703143e-01 -9.727169746778033810e-01 9.130669550076958574e-02 -2.132699775611747450e-01 8.471904094585680056e+00
-2.164715001372181646e-01 5.981708967429692422e-03 9.762707065837170628e-01 1.380551299467035733e+02 9.042453717889453735e-02 9.958051225866235701e-01 1.394866522766837792e-02 -7.960900504276861023e-01 -9.720926606946160842e-01 9.129834439928044554e-02 -2.161036224494055358e-01 8.028647135618752984e+00
-2.211129801183585597e-01 5.956302594346460193e-03 9.752300174695593959e-01 1.401197466231243141e+02 9.042798748783081875e-02 9.957988761847146320e-01 1.442067008299917699e-02 -7.799452997957492251e-01 -9.710472020062111964e-01 9.137669179295568322e-02 -2.207218960663561436e-01 7.576014974319714490e+00
-2.248693448480109103e-01 6.027787721059094973e-03 9.743707313156985128e-01 1.422093201713998383e+02 8.837329363937820870e-02 9.959856315043550401e-01 1.423365650875626880e-02 -7.769928188145351911e-01 -9.703729258407395308e-01 8.930899038097778186e-02 -2.244992866563439993e-01 7.107343397356848058e+00
-2.296224583769477801e-01 6.225173120574594224e-03 9.732597590226997886e-01 1.442948699302675948e+02 8.783198976600624375e-02 9.960319493875940955e-01 1.435150884578766106e-02 -7.664075705202676447e-01 -9.693083334631347192e-01 8.877878134946301514e-02 -2.292584910106463536e-01 6.626428393366197156e+00
-2.340093390746112445e-01 5.957864831143023544e-03 9.722157300972447125e-01 1.463793826771611748e+02 8.765551246191045920e-02 9.960377759123721919e-01 1.499453498834753262e-02 -7.597872235324503176e-01 -9.682751874045850693e-01 8.872894285164299732e-02 -2.336044368377609148e-01 6.140480320960505445e+00
-2.384796326752654516e-01 6.429607107255984853e-03 9.711265742657388955e-01 1.484688843385814039e+02 8.780130966302841788e-02 9.960257378758550217e-01 1.496690394439448638e-02 -7.573485937552250080e-01 -9.671704785530927939e-01 8.883552875542483074e-02 -2.380961052005896306e-01 5.644687840883800156e+00
-2.433139898416178670e-01 6.707333052425632630e-03 9.699245121361993460e-01 1.506023189337230974e+02 8.628925176948308573e-02 9.961609921553821190e-01 1.475761334788588605e-02 -7.559748663571402849e-01 -9.661021513993197640e-01 8.728477701112802301e-02 -2.429580023137643263e-01 5.122790488518408125e+00
-2.470037150656509140e-01 6.189557989511257699e-03 9.689943242869125672e-01 1.526948741815685366e+02 8.711379179856204580e-02 9.960725965667446280e-01 1.584342039399409471e-02 -7.455239720854778263e-01 -9.650909106705714002e-01 8.832614579584699421e-02 -2.465728815010938546e-01 4.604807106658535432e+00
-2.512649523434647425e-01 6.230882403389407902e-03 9.678980172297322326e-01 1.548134075455938614e+02 8.560079135853959631e-02 9.962040842038877297e-01 1.580879338829395409e-02 -7.342535266777006076e-01 -9.641261543302961368e-01 8.682505956783999335e-02 -2.508441318604230919e-01 4.072170876624346292e+00
-2.558637541175829422e-01 7.182951263973574689e-03 9.666865727173933331e-01 1.569658773120110595e+02 8.631499057537737885e-02 9.961476954074290902e-01 1.544407983912757243e-02 -7.310867038853896549e-01 -9.628516429111687591e-01 8.739107142057887800e-02 -2.554979412898462088e-01 3.516085306277524580e+00
-2.587550083184877447e-01 7.746338334514107568e-03 9.659122655462571982e-01 1.590915390598238446e+02 8.648501972505104329e-02 9.961374822125461659e-01 1.517941299321313824e-02 -7.199457753645325253e-01 -9.620639584143548806e-01 8.746470174688698862e-02 -2.584254738940583440e-01 2.963430619189178383e+00
-2.618086099571080849e-01 8.724756335090740056e-03 9.650804000130234206e-01 1.612251317625375577e+02 8.657002414327172324e-02 9.961402073457110706e-01 1.447926400780449006e-02 -7.172893892252535375e-01 -9.612295299977968721e-01 8.733787175614073084e-02 -2.615535973886030652e-01 2.399523106815081075e+00
-2.666399792106894928e-01 1.033902332710321705e-02 9.637402210857320961e-01 1.633875402551941818e+02 8.631179628177637619e-02 9.961806910794740455e-01 1.319301883668855778e-02 -7.196446479292961662e-01 -9.599238064636460566e-01 8.670005586249796004e-02 -2.665147118687845595e-01 1.813270198368257757e+00
-2.685723821410798129e-01 1.029675572368185174e-02 9.632040492670084220e-01 1.655251594597831968e+02 8.607357215919769766e-02 9.961995508827754531e-01 1.335065830101081485e-02 -7.182730267172601213e-01 -9.594062845971457199e-01 8.649207301223774125e-02 -2.684381687416956264e-01 1.237513432242329792e+00
-2.735666419654562698e-01 1.129475514411465605e-02 9.617871136968220158e-01 1.676805564640744990e+02 8.558141513955300206e-02 9.962513651471588405e-01 1.264300598080172859e-02 -7.140907882354028402e-01 -9.580379145642816674e-01 8.576978748482752546e-02 -2.735077231817025223e-01 6.408136631220520130e-01
-2.763605995896605272e-01 1.056709129117974766e-02 9.609960698808107660e-01 1.698539953506312088e+02 8.608651852294765816e-02 9.961925485960120286e-01 1.380239590726030363e-02 -7.175232340807012887e-01 -9.571910980542756020e-01 8.654322792155863531e-02 -2.762179490063516596e-01 2.695084381346932179e-02
-2.798849972848057588e-01 1.041638222182381807e-02 9.599774382137753470e-01 1.720294504672492337e+02 8.683096983146129655e-02 9.961177760865168596e-01 1.450739274637726298e-02 -7.128475703512525685e-01 -9.560987973175423260e-01 8.741610637708090159e-02 -2.797027788017110717e-01 -6.001798102297799531e-01
-2.845561512170613483e-01 1.098598517268315616e-02 9.585966111215453722e-01 1.741977796903099716e+02 8.874420843739309894e-02 9.959424736796943511e-01 1.492944098774775900e-02 -7.135005516255458202e-01 -9.545428038864378628e-01 8.931812299369326635e-02 -2.843773224626329754e-01 -1.232842935351067704e+00
-2.867344584228143645e-01 1.128414470704142483e-02 9.579434241882569534e-01 1.763684394475561703e+02 8.941183839415638157e-02 9.958815354658758778e-01 1.503190645121496583e-02 -7.009948628638208445e-01 -9.538288737825549868e-01 8.996163777665495964e-02 -2.865620770430616360e-01 -1.874156175734354779e+00
-2.892800008236247056e-01 9.962665650686979013e-03 9.571927776132177490e-01 1.785598438715916814e+02 8.895660232597248085e-02 9.958987280868729641e-01 1.651867066889050120e-02 -7.041836520243270892e-01 -9.531024894254421786e-01 8.992713688726167165e-02 -2.889797272632483871e-01 -2.527076198235111093e+00
-2.928121730044913607e-01 1.036709693266492718e-02 9.561142156850844787e-01 1.807403040373786212e+02 8.831548563090160786e-02 9.959602817168877742e-01 1.624766739395879303e-02 -6.988502269798153588e-01 -9.520831740939089682e-01 8.919715713906277432e-02 -2.925441087123963890e-01 -3.185605674131118725e+00
-2.950384839359764810e-01 1.209674221352829981e-02 9.554088685782021750e-01 1.829420674991160638e+02 8.682147587990587945e-02 9.961222689059915369e-01 1.419900382304465497e-02 -6.809707351947620335e-01 -9.515327547064214020e-01 8.713927869563453665e-02 -2.949447849700150281e-01 -3.842507244493340135e+00
-2.988393561257106645e-01 1.363114145045065707e-02 9.542067393527198238e-01 1.851624380852621243e+02 8.571124608527014299e-02 9.962401707720101030e-01 1.261151702105833133e-02 -6.880041970008257124e-01 -9.504467833247532971e-01 8.555501629495533555e-02 -2.988838146462993728e-01 -4.533735845643871443e+00
-3.023937467846711247e-01 1.439395893743917326e-02 9.530749154843258797e-01 1.873620241689184525e+02 8.444085836423553815e-02 9.963589591453435590e-01 1.174398774602513316e-02 -6.665378985955202618e-01 -9.494354520665523323e-01 8.402975820306463062e-02 -3.025082123606724904e-01 -5.213037031064274629e+00
-3.050407285705687421e-01 1.487655408734917667e-02 9.522235634692809425e-01 1.895814595970144865e+02 8.386136956707497536e-02 9.964135317967733885e-01 1.129774513127915041e-02 -6.723508202255222832e-01 -9.486396453557416342e-01 8.330105921302412286e-02 -3.051938032262044853e-01 -5.907469917862836262e+00
