1.000000000000000000e+00 0.000000000000000000e+00 -5.421010862427522170e-20 -7.589415207398531038e-19 0.000000000000000000e+00 1.000000000000000000e+00 1.525506338004994911e-18 6.938893903907228378e-18 0.000000000000000000e+00 -3.557538378468061424e-19 1.000000000000000000e+00 0.000000000000000000e+00
9.999949994632402195e-01 -2.824485705003224913e-03 -1.674605588776568316e-03 -1.540816605384316869e-03 2.824418822041482174e-03 9.999960345708777121e-01 -3.998528852418215034e-05 -5.292222499707621708e-03 1.674710377521921971e-03 3.525036934074434527e-05 9.999989659658818919e-01 5.419648523052225109e-01
9.999889961538218630e-01 -4.117771171671192124e-03 -2.013401493005167672e-03 7.335861453737555068e-04 4.117241714184426658e-03 9.999910637912146072e-01 -2.710149740670305166e-04 -1.293497009568031486e-03 2.014498895720240584e-03 2.627170507897399121e-04 9.999979400549635633e-01 1.103256698711893913e+00
9.999829922516390024e-01 -3.760808213224909116e-03 -4.551103539811069028e-03 -1.021349849473443018e-02 3.759876796083124438e-03 9.999931316630350508e-01 -2.109251046265181602e-04 -1.629336754988978953e-02 4.551863510516451772e-03 1.938089446848647972e-04 9.999898760853257462e-01 1.661211675147254319e+00
9.999588551958754623e-01 -5.879833062235599594e-03 -6.850553468852358524e-03 -2.631395908954369325e-02 5.861094801762752396e-03 9.999794423795986820e-01 -2.754812424784839394e-03 -4.599111901585848511e-02 6.866604176568089253e-03 2.714551232831209117e-03 9.999727024245259610e-01 2.209902496828260343e+00
9.999357644099606812e-01 -7.937286467065096662e-03 -8.127477979421270787e-03 -2.470618850172478023e-02 7.906509542650663053e-03 9.999617137383705057e-01 -3.811916734118986783e-03 -5.077147503815599566e-02 8.157425645856549931e-03 3.747408734626686555e-03 9.999595218516685868e-01 2.774641328904530191e+00
9.999106367406719320e-01 -8.823397573554018700e-03 -1.004751697203340281e-02 -3.901116082911733340e-02 8.776240847253537550e-03 9.999500205547230403e-01 -4.727407012007949633e-03 -6.988058782959966075e-02 1.008873447713643304e-02 4.638797414654557277e-03 9.999383427046049100e-01 3.339651095775432843e+00
9.999016260160845659e-01 -9.285127086812809336e-03 -1.052450761409833013e-02 -3.844471084765251762e-02 9.236597540623286626e-03 9.999460972735735309e-01 -4.649123009020753559e-03 -7.980457068246959995e-02 1.056709618519914747e-02 4.551443684430453787e-03 9.999342767103418517e-01 3.918283914548672087e+00
9.998816243630023193e-01 -8.980331380032761587e-03 -1.250749081117740955e-02 -4.673791735618389176e-02 8.932295140644169740e-03 9.999522013828113787e-01 -3.889877105977889143e-03 -9.073086249098449851e-02 1.254186186290667977e-02 3.777690003948146712e-03 9.999141742541864941e-01 4.497127913207414451e+00
9.998775203702807701e-01 -8.798681713452573966e-03 -1.294086204635781084e-02 -5.703915139495581432e-02 8.737367435024715259e-03 9.999503194895236202e-01 -4.786949098672296440e-03 -1.010997248967188261e-01 1.298232068860247050e-02 4.673282167940278828e-03 9.999051601401955924e-01 5.089045865980995842e+00
9.998619429347690435e-01 -7.645698978015746765e-03 -1.475502414118450012e-02 -7.121789108523922385e-02 7.511237970563307276e-03 9.999298993683854997e-01 -9.146583444624375309e-03 -1.261761347741475747e-01 1.482393051475739722e-02 9.034494471192637544e-03 9.998491576968454586e-01 5.687307172180084969e+00
9.998564328885306551e-01 -5.879489458062650206e-03 -1.588251032929100318e-02 -8.860710029069847338e-02 5.681595083766690854e-03 9.999062678112140556e-01 -1.247724418803503217e-02 -1.391422007368389446e-01 1.595437720420227537e-02 1.238520848133657301e-02 9.997962993002553755e-01 6.291563106303590835e+00
9.998523923103924682e-01 -5.216727632751073755e-03 -1.637093616432299531e-02 -9.524704265456333807e-02 5.014415947348405816e-03 9.999112472606973556e-01 -1.237478343632431900e-02 -1.484638012565567267e-01 1.643403170960595558e-02 1.229079324809218346e-02 9.997893604289102010e-01 6.915763399386102961e+00
9.998319428434896405e-01 -4.166929148506964310e-03 -1.785801441329335978e-02 -1.121922176453606229e-01 4.035324398271265649e-03 9.999646069345047295e-01 -7.399121166321713169e-03 -1.584234994329473400e-01 1.788823886748965378e-02 7.325814699889347803e-03 9.998134502220056286e-01 7.552140988458270421e+00
9.998241801383619398e-01 -2.662121072693062439e-03 -1.855989147621484384e-02 -1.387331773987065253e-01 2.685976048378348711e-03 9.999951849255721559e-01 1.260756358738081805e-03 -1.637523720499361457e-01 1.855644246573922782e-02 -1.310383461886887712e-03 9.998266349360659389e-01 8.214638146994818868e+00
9.998002570418914603e-01 -1.911215613920743198e-03 -1.987520492711725498e-02 -1.588919382466724428e-01 2.069041577097870989e-03 9.999660309755025178e-01 7.923745191655572756e-03 -1.753135544036901472e-01 1.985937244714580663e-02 -7.963284256125396227e-03 9.997707119826061417e-01 8.891336668586866665e+00
9.997854406865273047e-01 -3.227514260097982118e-04 -2.069823476843673724e-02 -1.782622408269673719e-01 5.026764376065487316e-04 9.999626299180683908e-01 8.687565055059668154e-03 -1.831854025769010796e-01 2.069460370073196442e-02 -8.696097263370370506e-03 9.997479293954040225e-01 9.563007897024414561e+00
9.997664522402686105e-01 1.665602380212448733e-03 -2.156645624063904115e-02 -2.041697653227833309e-01 -1.608036864353144801e-03 9.999953069535303385e-01 2.686693521064743417e-03 -1.932994322855145497e-01 2.157082519114073699e-02 -2.651393174030798605e-03 9.997642408062009656e-01 1.025099862851705268e+01
9.997342649795339931e-01 3.550288609726158853e-03 -2.279297052500343576e-02 -2.253455825507399979e-01 -3.638336460486736243e-03 9.999861519196378001e-01 -3.822475320800489997e-03 -2.045567148482654030e-01 2.277906214366455517e-02 3.904387949713821956e-03 9.997325831008282426e-01 1.096581840521998252e+01
9.997214534553828802e-01 2.651058989651971023e-03 -2.343404487268689954e-02 -2.466163242444531500e-01 -2.716026602886492322e-03 9.999921042656668702e-01 -2.740883819228794125e-03 -2.158687688403443383e-01 2.342654895112245353e-02 2.803759993735887267e-03 9.997214422789503230e-01 1.169850758187962114e+01
9.996981537633359283e-01 5.926921191553545520e-04 -2.456907757886633500e-02 -2.576112962625907166e-01 -4.477990252764255108e-04 9.999827706497417257e-01 5.902413035354750828e-03 -2.109459388101532218e-01 2.457217319379902121e-02 -5.889629237351512100e-03 9.996810755869223186e-01 1.246228123548323552e+01
9.997075697826020013e-01 -1.348752706565678298e-03 -2.413745923118336759e-02 -2.794399353182727697e-01 1.669579239955917144e-03 9.999106981168193187e-01 1.327619082322291193e-02 -2.141360836350691688e-01 2.411746726996731940e-02 -1.331257141588012421e-02 9.996207321005785573e-01 1.323174771910480274e+01
9.996792703387200607e-01 -1.510466173281018246e-03 -2.526546609501558599e-02 -3.037917129231019753e-01 1.918325539401331131e-03 9.998680450282483312e-01 1.612658115999986153e-02 -2.172054860649356711e-01 2.523780692630096453e-02 -1.616983799952446607e-02 9.995506846330317607e-01 1.401608882867254025e+01
9.996781367579183897e-01 -3.091103910027315216e-03 -2.519703185825259567e-02 -3.214931417675008785e-01 3.483879014033479729e-03 9.998724530350362460e-01 1.555960039130532477e-02 -2.211412918831149321e-01 2.514575431116368789e-02 -1.564235708590303378e-02 9.995614102070451423e-01 1.481292033467530089e+01
9.996866585829219387e-01 -3.461655466983340132e-03 -2.479254389349235324e-02 -3.434008445530818410e-01 3.795285684866377823e-03 9.999029834362515023e-01 1.342223141377239630e-02 -2.217738568681558442e-01 2.474371108758501719e-02 -1.351213707250156076e-02 9.996023579808267501e-01 1.564617360852716388e+01
9.996949965450989684e-01 -1.978039945537858092e-03 -2.460276261991775279e-02 -3.704689568063936345e-01 2.228397275736896006e-03 9.999463824140594204e-01 1.015218011394442531e-02 -2.197930874641393917e-01 2.458136872352772312e-02 -1.020393960219562364e-02 9.996456210408415366e-01 1.647811766407093970e+01
9.997099985697250890e-01 -4.060049670928475574e-03 -2.374250509033682885e-02 -3.928899695060409925e-01 4.187055572368415107e-03 9.999767115468655154e-01 5.302383617860089403e-03 -2.216775938414221048e-01 2.372038952364061495e-02 -5.400266524685213600e-03 9.997042898834093139e-01 1.733171239704746114e+01
9.997067683961644580e-01 -6.638977942342614430e-03 -2.328741572189271108e-02 -4.086970986585946042e-01 6.611967253159957252e-03 9.999773607675714882e-01 -1.236514072685791169e-03 -2.354275910047762266e-01 2.329506053846301314e-02 1.082178960948831621e-03 9.997278708362637989e-01 1.819990827877307282e+01
9.997429512007378616e-01 -6.286155452911411368e-03 -2.180141795510755209e-02 -4.358092939312550596e-01 6.155839474038101930e-03 9.999630553692846480e-01 -6.038923121711555625e-03 -2.505788377051737514e-01 2.183865597738436984e-02 5.903170313646537680e-03 9.997439934299773290e-01 1.908719186321513561e+01
9.997518288981159795e-01 -4.564816453276247452e-03 -2.180262247732463535e-02 -4.594204950432444479e-01 4.419797057194078081e-03 9.999679029873953517e-01 -6.694988373648983089e-03 -2.564757337529361969e-01 2.183244693002526354e-02 6.596959629420548130e-03 9.997402681144889058e-01 1.998802079817052046e+01
9.997428525877259942e-01 -5.015735082075753644e-03 -2.212130667600212958e-02 -4.889003788038404075e-01 4.873596575978524428e-03 9.999669628496627993e-01 -6.474409652464840383e-03 -2.883672349780076472e-01 2.215296141866604160e-02 6.364937673751428111e-03 9.997341845626112056e-01 2.090571631799979713e+01
9.997577386495142271e-01 -4.026022764316132714e-03 -2.164453433380676001e-02 -5.160430733845136064e-01 3.869860570000752467e-03 9.999659024827540765e-01 -7.251764815928259805e-03 -3.057014962197486252e-01 2.167297361674038261e-02 7.166237299271277679e-03 9.997393588677316867e-01 2.183666804675061002e+01
9.997604146824368154e-01 -1.531513723384943064e-03 -2.183577653412438480e-02 -5.414186943426235743e-01 1.336150271762454912e-03 9.999588296146290078e-01 -8.958627621096670879e-03 -3.230462983408102229e-01 2.184855130400041243e-02 8.927300339907713947e-03 9.997217557029342005e-01 2.277337420307256011e+01
9.997631910821481727e-01 2.297449459366369615e-03 -2.164457540298575164e-02 -5.721707127850201857e-01 -2.518322976263177859e-03 9.999454352395199530e-01 -1.018323303962268347e-02 -3.373416078317011957e-01 2.161992915925201736e-02 1.023536683659772607e-02 9.997133736783321289e-01 2.373327780181345403e+01
9.997512488461713920e-01 3.126099211289838295e-03 -2.209964749541293641e-02 -5.983273230248387087e-01 -3.339305931495620966e-03 9.999482360913514167e-01 -9.616768471175681302e-03 -3.522351879771416505e-01 2.206851789225648675e-02 9.688170608527996511e-03 9.997095150624770721e-01 2.471318063189001890e+01
9.997512104356797158e-01 4.223550741537872300e-03 -2.190356160980863262e-02 -6.266807293105605137e-01 -4.440844658179376667e-03 9.999410999096584041e-01 -9.881012559805269629e-03 -3.756532329321447539e-01 2.186059421389934324e-02 9.975860891655129528e-03 9.997116896546619502e-01 2.569156377215445630e+01
9.997422550000542030e-01 4.936315767475133939e-03 -2.214803570014672873e-02 -6.555534452174893723e-01 -5.147693770781308631e-03 9.999419327391532164e-01 -9.497490053969713172e-03 -4.000250960485446927e-01 2.209985136410851439e-02 9.609049819429341804e-03 9.997098122607924742e-01 2.666910757599854165e+01
9.997314616617614114e-01 5.461777787331405926e-03 -2.250975972020794608e-02 -6.819873471386455055e-01 -5.647555935800772225e-03 9.999506308362997586e-01 -8.198138755994186302e-03 -4.272632137739932889e-01 2.246387940402054875e-02 8.323073190405162400e-03 9.997129075019387523e-01 2.766818153843869510e+01
9.997217933992063044e-01 6.065338100431800009e-03 -2.278066349968678114e-02 -7.128590244301278300e-01 -6.210303818003644338e-03 9.999611953958882360e-01 -6.298852860309320928e-03 -4.501774996085125546e-01 2.274161232221496437e-02 6.438574677232757580e-03 9.997210112049053077e-01 2.867765568709232582e+01
9.997130883721484507e-01 6.468475303785026220e-03 -2.307928474411149664e-02 -7.418113721335716226e-01 -6.577311730283265032e-03 9.999678266352226563e-01 -4.643031471294806721e-03 -4.694221606947994729e-01 2.304859014166393827e-02 4.793499673270521476e-03 9.997230849926286300e-01 2.968296738294991854e+01
9.997128099110386135e-01 6.784343420531052660e-03 -2.300141055222854058e-02 -7.651636775389902834e-01 -6.927005327513424335e-03 9.999570487430063936e-01 -6.127915980561097001e-03 -4.949565900301179378e-01 2.295882423338857503e-02 6.285474023890124350e-03 9.997171413459549072e-01 3.070670090188358259e+01
9.996966046133144435e-01 7.374402111408176475e-03 -2.348441544128711950e-02 -7.940980371192827292e-01 -7.541770205391032031e-03 9.999471242866273535e-01 -7.046677316890373639e-03 -5.168944882348749381e-01 2.343118866097651173e-02 7.221667465001895686e-03 9.996992711000580734e-01 3.172553459812706933e+01
9.996827957001397369e-01 7.504131399295149718e-03 -2.405903632863049327e-02 -8.255750845574323371e-01 -7.648162015522461804e-03 9.999528856896355844e-01 -5.899398182262973953e-03 -5.405522601458220278e-01 2.401364121675728103e-02 6.081516353988479506e-03 9.996933186102247015e-01 3.275834551848446807e+01
9.996871868643294468e-01 6.804797847944937805e-03 -2.405879511479693325e-02 -8.546283942469818928e-01 -6.901416038729653660e-03 9.999686272269521226e-01 -3.935264433913281124e-03 -5.707689137949065739e-01 2.403130718272039265e-02 4.100062707826049313e-03 9.997031859087184280e-01 3.380405908985139263e+01
9.996687918261399908e-01 6.635670429076714893e-03 -2.485359914942130224e-02 -8.831482117665847564e-01 -6.658498162215706687e-03 9.999770294289068717e-01 -8.355364488958141878e-04 -5.921088262211441355e-01 2.484755095352248269e-02 1.000728576147952254e-03 9.996911787449530573e-01 3.485237684469684183e+01
9.996573643511299512e-01 6.243236935708501231e-03 -2.542550832644855860e-02 -9.132621253084890478e-01 -6.196175973376592816e-03 9.999785155955098759e-01 1.929681400327098225e-03 -6.135956160036305507e-01 2.543710274038768829e-02 -1.771485673413407663e-03 9.996751200533599002e-01 3.590940893690363822e+01
9.996425821847716442e-01 6.045915282097519619e-03 -2.602532348029724593e-02 -9.438284204157545432e-01 -5.972104190390396805e-03 9.999783133558307613e-01 2.912361836043861341e-03 -6.222432773831189090e-01 2.604229231271195169e-02 -2.755892808782083210e-03 9.996571044593978161e-01 3.697743409087012623e+01
9.996375220913071846e-01 6.064127923204876147e-03 -2.624752934150030581e-02 -9.768064490614024598e-01 -5.997612619746447993e-03 9.999783593421073258e-01 2.612556051520223237e-03 -6.354759444726199025e-01 2.626286023116674098e-02 -2.454188269977052375e-03 9.996521185665854237e-01 3.804809875723795187e+01
9.996073944253450749e-01 5.943668791682173852e-03 -2.737090610005551636e-02 -1.011179707486017598e+00 -5.892432171016256243e-03 9.999804603130014735e-01 1.951874877742187236e-03 -6.547172907585396828e-01 2.738195345080988302e-02 -1.789828216025686090e-03 9.996231452616535229e-01 3.911804466420841209e+01
9.995935439031918834e-01 5.361392625465985842e-03 -2.800440087498746664e-02 -1.045211403804778394e+00 -5.291670914129156106e-03 9.999824052131702778e-01 2.563194462025595276e-03 -6.693151300877524523e-01 2.801767118505884072e-02 -2.413960981596586716e-03 9.996040508836375738e-01 4.019964900461620516e+01
9.995839182552715974e-01 4.994855153452883514e-03 -2.840892002478186476e-02 -1.080256199880275325e+00 -4.879167689179186168e-03 9.999790985093860440e-01 4.140228893149384450e-03 -6.852763023956168764e-01 2.842894331032691860e-02 -3.999904203048330192e-03 9.995879832353423700e-01 4.128448826913366076e+01
9.995614873303491077e-01 4.618335154024431552e-03 -2.924873642961716910e-02 -1.116250517318381208e+00 -4.432644415218220391e-03 9.999695909943712158e-01 6.410448118493254285e-03 -6.922316098115822713e-01 2.927738683010491783e-02 -6.277987238817127162e-03 9.995519216752795089e-01 4.234305267276118911e+01
9.995435174751627905e-01 5.057424083176151330e-03 -2.978256227946262172e-02 -1.154757602330690469e+00 -4.868038996845036950e-03 9.999674513283267618e-01 6.427884385510045789e-03 -7.162081818233848596e-01 2.981406444840609821e-02 -6.279967513791179755e-03 9.995360311965103550e-01 4.343452630547758986e+01
9.995199568593117201e-01 6.659772524436774824e-03 -3.025219861382795472e-02 -1.193792403611841690e+00 -6.539210267032961876e-03 9.999706362353053546e-01 4.081978251503743174e-03 -7.390175706115742482e-01 3.027854106901541401e-02 -3.882197707113534384e-03 9.995344069053828662e-01 4.449654591386234159e+01
9.995269276164453487e-01 7.450668582385234356e-03 -2.984607249476771765e-02 -1.233423745423804396e+00 -7.455836593851012176e-03 9.999724892259017617e-01 -6.223530494990136620e-05 -7.644751667555962360e-01 2.984470333492622238e-02 2.847372506918603588e-04 9.995545831576527762e-01 4.557574215164652287e+01
9.995008264462229564e-01 9.058270501702360422e-03 -3.024992528765626035e-02 -1.278327209765798722e+00 -9.075596863616698998e-03 9.999592150415687053e-01 -4.358564587710718409e-04 -7.822943328501168470e-01 3.024469838339003888e-02 7.101868954196178130e-04 9.995419585122083950e-01 4.665078587852845970e+01
9.995093589296895065e-01 9.112429406547379110e-03 -2.997043740866166608e-02 -1.314243316706164899e+00 -9.065119789339047204e-03 9.999577032709771052e-01 1.714072727270945368e-03 -8.006219495421624810e-01 2.998476307648860820e-02 -1.441543931599054184e-03 9.995489377993332925e-01 4.772807529366868806e+01
9.995197873410092138e-01 9.438417042000567247e-03 -2.951826262623324926e-02 -1.352036383384680462e+00 -9.339269698436052786e-03 9.999502464180131112e-01 3.495054580109819165e-03 -8.157984498389962980e-01 2.954980301297297288e-02 -3.217701174995381795e-03 9.995579662409774802e-01 4.880860794626154586e+01
9.995210896281111479e-01 8.840948735628391050e-03 -2.967175582716342908e-02 -1.389185786016227775e+00 -8.704924733038797366e-03 9.999510693751789692e-01 4.710539523082996755e-03 -8.370620260679473290e-01 2.971191692606658247e-02 -4.449988334238252734e-03 9.995488409967097088e-01 4.988622860983826257e+01
9.995249712515539287e-01 9.795314199043041875e-03 -2.922485731795488456e-02 -1.423749254677412424e+00 -9.674027392281235246e-03 9.999440121847036345e-01 4.288525280861937503e-03 -8.530378771867881404e-01 2.926521995594529024e-02 -4.003767508382192336e-03 9.995640165637421637e-01 5.096348049652387857e+01
9.995307837558095043e-01 9.839227619658786825e-03 -2.901552697154989244e-02 -1.458739521607036904e+00 -9.740741590288251248e-03 9.999461997339822439e-01 3.533980882613042048e-03 -8.752350289642659709e-01 2.904872444220340730e-02 -3.249695043060606223e-03 9.995730165102082454e-01 5.204360593958086412e+01
9.995324292321111637e-01 1.039836577697373851e-02 -2.876348034476022483e-02 -1.495987487541890149e+00 -1.034297860749247393e-02 9.999444457700726874e-01 2.074094393934872421e-03 -8.898132697579970163e-01 2.878349036804377786e-02 -1.775619502694628961e-03 9.995841249978160148e-01 5.312132771371638285e+01
9.995490050148099215e-01 1.024895563114000020e-02 -2.821450296396401172e-02 -1.532681655502046603e+00 -1.024505961831938608e-02 9.999479284088114150e-01 2.830921210031994099e-04 -9.112303903940165428e-01 2.821596837467965635e-02 6.098050327371998258e-06 9.996020665763788449e-01 5.419841557612814853e+01
9.995442237352043513e-01 9.700146684906726588e-03 -2.858324165518663987e-02 -1.562262116302157278e+00 -9.790953449066115699e-03 9.999477741735212089e-01 -3.038854222346314225e-03 -9.334189534009749156e-01 2.855232484657552194e-02 3.317328537819971314e-03 9.995870020912742682e-01 5.526758154028211578e+01
9.995656746385013225e-01 8.693061134567251630e-03 -2.817224762275714542e-02 -1.592234891731217683e+00 -8.850927042604929754e-03 9.999455426837174921e-01 -5.483449780040807603e-03 -9.650248939899334077e-01 2.812307422531037937e-02 5.730418555163905442e-03 9.995877826777811448e-01 5.634192501954144916e+01
9.995738767771195077e-01 7.695278869296422880e-03 -2.815269943769512645e-02 -1.621590950129809361e+00 -7.828847830584018119e-03 9.999585519203895156e-01 -4.637417537451173424e-03 -9.981594113778228250e-01 2.811586768367484515e-02 4.855852171510656283e-03 9.995925713024909065e-01 5.741787882926409026e+01
9.996020371127458670e-01 5.703520092419981508e-03 -2.763015666990057892e-02 -1.653634159172169715e+00 -5.695863390444621741e-03 9.999838467786688057e-01 3.557170116149307743e-04 -1.014598470456596901e+00 2.763175180328051803e-02 -1.981949164062227502e-04 9.996181161085853084e-01 5.850272010265859990e+01
9.995944928881138614e-01 5.930161899865451017e-03 -2.786821332998223877e-02 -1.691073041302215030e+00 -5.744720112486079514e-03 9.999603685084537119e-01 6.729996625342861069e-03 -1.041097547128924328e+00 2.790701690381203193e-02 -6.567183251936545285e-03 9.995891386034323478e-01 5.959081059531109048e+01
9.996077702758089378e-01 4.579658582455804414e-03 -2.761605167258994117e-02 -1.722943289612380413e+00 -4.359836221954693086e-03 9.999583728366394642e-01 8.014709976145183851e-03 -1.063907590578026197e+00 2.765157249801217937e-02 -7.891174067622012955e-03 9.995868568875515559e-01 6.067610991374186824e+01
9.996323041014749666e-01 2.735418846719923219e-03 -2.699173828001814879e-02 -1.746197466975815793e+00 -2.572179834733101175e-03 9.999782043560839773e-01 6.080738851725839625e-03 -1.075744364309575207e+00 2.700783732019472819e-02 -6.009077864516358496e-03 9.996174915424411722e-01 6.175616952468281085e+01
9.996407267057623169e-01 1.218691114763069752e-03 -2.676824096821741120e-02 -1.774457290400865750e+00 -1.126141749043501478e-03 9.999930669418031215e-01 3.472177790877494907e-03 -1.092075697570874748e+00 2.677221244191882454e-02 -3.440779260707900727e-03 9.996352063524347464e-01 6.283383841292994987e+01
9.996378858034468129e-01 2.654456518868716572e-03 -2.677043825397046328e-02 -1.812915977926032429e+00 -2.665594049870378957e-03 9.999966187031601450e-01 -3.806543407606924139e-04 -1.115593384670706234e+00 2.676939128015476399e-02 4.518796759475947463e-04 9.996414954933932062e-01 6.391743394110005738e+01
9.996330343236171645e-01 3.896202373738296906e-03 -2.680975468488586838e-02 -1.846043887316706211e+00 -4.011800425972426865e-03 9.999832127912835489e-01 -4.259802274578963766e-03 -1.142561754418904840e+00 2.679273028064082726e-02 4.365795188142231401e-03 9.996317528850990897e-01 6.500059911071296881e+01
9.996448699235814805e-01 5.656926177346402809e-03 -2.605548965051366142e-02 -1.880487191491185150e+00 -5.792286118098392833e-03 9.999700594639117091e-01 -5.122144829134037819e-03 -1.157676773414528348e+00 2.602577659828647985e-02 5.271252989677180194e-03 9.996470706125067940e-01 6.609557969208101724e+01
9.996543621069714503e-01 7.764354441362393902e-03 -2.510657034692904271e-02 -1.915949770226610616e+00 -7.839286924486356389e-03 9.999652310461842886e-01 -2.887864404055965738e-03 -1.175902576864394700e+00 2.508329587050614137e-02 3.083684442019166659e-03 9.996804068468441162e-01 6.718546769274648511e+01
9.996408302563931647e-01 9.560636995955034551e-03 -2.505478097575852478e-02 -1.952799632188051637e+00 -9.578586005238618611e-03 9.999534519011951117e-01 -5.956311620663520953e-04 -1.217159829074748512e+00 2.504789169671571558e-02 8.354064000296859346e-04 9.996857178424116697e-01 6.827178925861102243e+01
9.996411557210455046e-01 9.684360521614584355e-03 -2.498886771160520326e-02 -1.986149800158186762e+00 -9.662952390637895989e-03 9.999531179930062352e-01 9.773482199175785676e-04 -1.236637796403667000e+00 2.499718143675552784e-02 -7.355339121848647726e-04 9.996877262859480417e-01 6.935430305585364863e+01
9.996393850502538481e-01 9.158894790929499735e-03 -2.524397708113988725e-02 -2.014552137197657355e+00 -9.109641422050181181e-03 9.999559732724386807e-01 2.065333472925469545e-03 -1.253377400100325501e+00 2.526169578866683044e-02 -1.834628284878193991e-03 9.996796416773074956e-01 7.044376190003110594e+01
9.996436121211039749e-01 8.694016918740563385e-03 -2.523725743494099200e-02 -2.042479575351376475e+00 -8.617206016498613758e-03 9.999578373694579803e-01 3.150482103102443272e-03 -1.271909613109750925e+00 2.526357079127399680e-02 -2.931886819304837816e-03 9.996765505094380444e-01 7.153220604530790183e+01
9.996379259265497641e-01 7.497655095844433723e-03 -2.584117500265664322e-02 -2.072617647467041468e+00 -7.382351228594324563e-03 9.999627164122103506e-01 4.554147217491147197e-03 -1.289333217432239609e+00 2.587433869660511407e-02 -4.361719229665216545e-03 9.996553576612399183e-01 7.261934230230156118e+01
9.996323143270238187e-01 6.564749663490540219e-03 -2.629109996002027341e-02 -2.103350275971685335e+00 -6.401791953809642804e-03 9.999594890937896219e-01 6.277484024651912298e-03 -1.311768173727569931e+00 2.633121614417400710e-02 -6.106874293845034225e-03 9.996341965791866180e-01 7.370122304413952463e+01
9.996242301349040904e-01 5.490337508669736188e-03 -2.684503231009054136e-02 -2.133631525373368198e+00 -5.337118687379245607e-03 9.999687519469138142e-01 5.776012172375695822e-03 -1.332267845964421493e+00 2.687596927805161601e-02 -5.630573311787270309e-03 9.996230179181821995e-01 7.478024614611224763e+01
9.995926259418467241e-01 7.255572086143241908e-03 -2.761231608399940599e-02 -2.163327575127852676e+00 -7.176210756533119711e-03 9.999699636942877001e-01 2.971943922610528234e-03 -1.360046127049302944e+00 2.763297360577607678e-02 -2.772585602047118476e-03 9.996144103638655576e-01 7.585415352312919879e+01
9.995700749942726393e-01 8.003418643656274103e-03 -2.820792301136687552e-02 -2.201927616636997875e+00 -7.991021848638969055e-03 9.999683184561962701e-01 5.518997585017125116e-04 -1.381535413628107500e+00 2.821141583819777865e-02 -3.262421840489313938e-04 9.996016065495308967e-01 7.693048360970196597e+01
9.995393964275697263e-01 8.622383369439016662e-03 -2.909621417391065890e-02 -2.241086613880042044e+00 -8.570710943075364810e-03 9.999618256536052519e-01 1.900116288006864322e-03 -1.395520366626932907e+00 2.911149049829112392e-02 -1.649863038904338412e-03 9.995747779188248749e-01 7.801055617992363977e+01
9.995151759819557169e-01 8.762100069663693314e-03 -2.988684822155213139e-02 -2.280240989030668963e+00 -8.615493723123786654e-03 9.999499888567511263e-01 5.030875273893635827e-03 -1.407192870968334342e+00 2.992937813940834552e-02 -4.770947375848856586e-03 9.995408351612931064e-01 7.908534129027287918e+01
9.995160597092936916e-01 9.757154502251359079e-03 -2.952293557310093838e-02 -2.318146869387201825e+00 -9.503854120483715834e-03 9.999169416375155439e-01 8.707712702757051601e-03 -1.422453965015136212e+00 2.960542711788317904e-02 -8.422916603934543778e-03 9.995259986531905838e-01 8.014936201548964334e+01
9.994844944048004720e-01 1.064377621768296256e-02 -3.030077125340009669e-02 -2.355567953936327896e+00 -1.033799283433421180e-02 9.998942742650225313e-01 1.023206746718395739e-02 -1.441294138960124149e+00 3.040650809753340719e-02 -9.913536386034175682e-03 9.994882313301771681e-01 8.121038460743712051e+01
9.994631624639899181e-01 1.083105267644268906e-02 -3.090693556132889652e-02 -2.393299942939773217e+00 -1.056524224630101504e-02 9.999055097000955072e-01 8.749625416125039398e-03 -1.452181202816793526e+00 3.099879877024383501e-02 -8.418407248908075721e-03 9.994843278359145655e-01 8.226193944513990175e+01
9.994450483958737808e-01 1.064394865004238307e-02 -3.157792120653678952e-02 -2.430413744281743949e+00 -1.039157521523393843e-02 9.999126111683783735e-01 8.143859329226255453e-03 -1.468311538321875442e+00 3.166189778406167804e-02 -7.811189271199894639e-03 9.994683404357476153e-01 8.331710374478323899e+01
9.994459265361694822e-01 9.997204920666514366e-03 -3.176117811743520841e-02 -2.469484839941059828e+00 -9.759239952365375212e-03 9.999228625730923747e-01 7.638803913018009720e-03 -1.480597056570048808e+00 3.183509695190404887e-02 -7.324601214689110268e-03 9.994662108907380604e-01 8.436008774460586324e+01
9.994161217450160395e-01 9.086055885144318084e-03 -3.293342164306744396e-02 -2.505913433857601014e+00 -8.823507297480380138e-03 9.999278047580639761e-01 8.108750397857094130e-03 -1.499525712076146045e+00 3.300474989317173091e-02 -7.813433990201608045e-03 9.994250734969198913e-01 8.538666791155647218e+01
9.994015456779916651e-01 8.412899141012033372e-03 -3.356125421050607655e-02 -2.541045341017322379e+00 -8.098185552324728420e-03 9.999225133867615245e-01 9.502160023467225505e-03 -1.509935210415968898e+00 3.363859574985707257e-02 -9.224692562102253246e-03 9.993919409352467476e-01 8.640875305667277928e+01
9.993862635383798931e-01 8.698496783996388648e-03 -3.392123596769593130e-02 -2.577568267260574864e+00 -8.296448902051029028e-03 9.998937241784382479e-01 1.197498516068820108e-02 -1.513088453933090660e+00 3.402177877328629169e-02 -1.168620992470822094e-02 9.993530122831819629e-01 8.739532661250993328e+01
9.993497475811692343e-01 8.369049417918815806e-03 -3.507802674548571309e-02 -2.615223864889174354e+00 -7.907307946942878848e-03 9.998802648011714256e-01 1.328150450991438108e-02 -1.523126933184762999e+00 3.518505559267711552e-02 -1.299547602823327222e-02 9.992959876176593648e-01 8.837501944067020077e+01
9.993021246722563200e-01 7.351212794214752322e-03 -3.662767391062685118e-02 -2.653098997099530454e+00 -6.841942711375038899e-03 9.998780721193469834e-01 1.401008927629503881e-02 -1.536948690372278881e+00 3.672621541122299271e-02 -1.374970495051449325e-02 9.992308032083965230e-01 8.933801787575984577e+01
9.991754977203990418e-01 6.233031181281876651e-03 -4.012679775882601468e-02 -2.694263441803774750e+00 -5.675568872099011689e-03 9.998858519998350403e-01 1.399172408653608611e-02 -1.558798424949127348e+00 4.020949172373930458e-02 -1.375248561379284126e-02 9.990966502797659077e-01 9.025970379996078918e+01
9.990383094125986352e-01 5.694502870781083248e-03 -4.348133184956334135e-02 -2.738225292894501006e+00 -5.158099495935371953e-03 9.999090626977739094e-01 1.243876182599333753e-02 -1.562894988513403804e+00 4.354824628094335071e-02 -1.220252282026873004e-02 9.989766278896275997e-01 9.116520813004170520e+01
9.989187675362670715e-01 5.429497734517070573e-03 -4.617784008041127264e-02 -2.781219109873560580e+00 -4.835418477484752439e-03 9.999046027423577065e-01 1.296700748277966088e-02 -1.567470740872819679e+00 4.624385715484403275e-02 -1.272970095085869564e-02 9.988486297213752252e-01 9.204898147276331599e+01
9.987623142439761015e-01 5.260817625681655021e-03 -4.946690009738477500e-02 -2.830307043150479540e+00 -4.597872081803478297e-03 9.998980146678746461e-01 1.350642829659515556e-02 -1.570814026218071424e+00 4.953294405043472126e-02 -1.326227717396331190e-02 9.986846710881491784e-01 9.292146224064920546e+01
9.986119415766724350e-01 6.097043735790532576e-03 -5.231883560721851262e-02 -2.879019127462989491e+00 -5.356239801586382826e-03 9.998839977608654506e-01 1.428770500098196922e-02 -1.582694956297346245e+00 5.239987141010616495e-02 -1.398764000278560245e-02 9.985280606624620248e-01 9.375936671277810319e+01
9.984467316552336769e-01 6.995282060707571151e-03 -5.527704197178714973e-02 -2.935223554782188327e+00 -6.156629608401850001e-03 9.998637616005485729e-01 1.532755549939275076e-02 -1.594264570204316556e+00 5.537677570387428833e-02 -1.496344381555474341e-02 9.983535067442177446e-01 9.456405776008737973e+01
9.982696352003500584e-01 8.036874829129224754e-03 -5.825693930646686641e-02 -2.989039775956078948e+00 -7.086561116312530689e-03 9.998383186601383921e-01 1.650081281323866056e-02 -1.603440879053694035e+00 5.838017544504214840e-02 -1.605937113926499821e-02 9.981650461395114027e-01 9.536425442174444811e+01
9.980885901218070622e-01 9.745896023795488569e-03 -6.101942235428326616e-02 -3.041100671918938403e+00 -8.678423371261232908e-03 9.998055079548437973e-01 1.773446959818794286e-02 -1.604608120531569648e+00 6.118036856919964461e-02 -1.717104836778305180e-02 9.979789019233490377e-01 9.612550443468575168e+01
9.979180251759519615e-01 1.016826513495351289e-02 -6.368358733510345870e-02 -3.096859108379048209e+00 -9.168532705689460063e-03 9.998306900219892102e-01 1.597094518774301239e-02 -1.615272487949460434e+00 6.383518824995143559e-02 -1.535378262030607371e-02 9.978422848020589431e-01 9.685206382959161431e+01
9.977539255309524346e-01 1.132958006430721289e-02 -6.602036300755616260e-02 -3.150460406302753924e+00 -1.046382256000284901e-02 9.998550448259437839e-01 1.344507295824421203e-02 -1.629368836454497149e+00 6.616316181303932842e-02 -1.272407644475541909e-02 9.977280296431036977e-01 9.755244512754293851e+01
9.975363647411268353e-01 1.271821488892892552e-02 -6.899301983371294855e-02 -3.207743584372391155e+00 -1.204230833960647645e-02 9.998756331995670710e-01 1.020410650369046532e-02 -1.649437353357012581e+00 6.911416296716499374e-02 -9.348128180733954531e-03 9.975650020593058720e-01 9.820951880891995245e+01
9.974118655636050601e-01 1.393912914034611643e-02 -7.053447482753767706e-02 -3.262547752163523107e+00 -1.344610239680867937e-02 9.998813210234102078e-01 7.461201734878505042e-03 -1.654766015260628942e+00 7.063012446488584062e-02 -6.493492575575516082e-03 9.974818134129845859e-01 9.884757429442404941e+01
9.973134286477214339e-01 1.633697810426953251e-02 -7.141194990206270465e-02 -3.313947792170358397e+00 -1.589757462729379095e-02 9.998514225785530840e-01 6.716606514566249818e-03 -1.661837114647119806e+00 7.151094375903083167e-02 -5.563278561311448336e-03 9.974241487737254275e-01 9.945420679949364740e+01
9.972996821763160380e-01 1.911547051812956255e-02 -7.090830210860626925e-02 -3.364577079660110659e+00 -1.864645682283495517e-02 9.997998165470060039e-01 7.269486624275619396e-03 -1.674816868586251006e+00 7.103308286269148508e-02 -5.927672770369129748e-03 9.974565012766778427e-01 1.000327331808300357e+02
9.974313752003926004e-01 2.197412172038983730e-02 -6.817129824774378899e-02 -3.408360900721407294e+00 -2.142390117693061813e-02 9.997321132129494137e-01 8.791798397926370648e-03 -1.686996133438989798e+00 6.834617758515067198e-02 -7.308703313972309684e-03 9.976345115866578350e-01 1.005956213955894469e+02
9.977895287990766748e-01 2.197497381995152169e-02 -6.271336952914755014e-02 -3.449753740209283048e+00 -2.140998437949614627e-02 9.997238078962482621e-01 9.668063797436485945e-03 -1.697640785088796900e+00 6.290853076330954474e-02 -8.304003588703520733e-03 9.979846633046749460e-01 1.011255583436008152e+02
9.982118836630063941e-01 2.300499801727491286e-02 -5.516531533831448009e-02 -3.474339894950703389e+00 -2.240301787935209538e-02 9.996832267548302342e-01 1.150593993754884213e-02 -1.698516322498080822e+00 5.541253606879059657e-02 -1.024948059001194040e-02 9.984108895821632856e-01 1.016395027018411099e+02
9.987010808779405169e-01 2.245241910599998780e-02 -4.573796680388811375e-02 -3.490302916045806558e+00 -2.183335890002166199e-02 9.996637557705170263e-01 1.398830475828477873e-02 -1.705652715060000713e+00 4.603669447058211794e-02 -1.297154865966803662e-02 9.988551633515423411e-01 1.021343372061564594e+02
9.991922527908837504e-01 2.184097433654419440e-02 -3.372587813487831765e-02 -3.502482860272035925e+00 -2.133018009401132370e-02 9.996536251938493711e-01 1.543264640108436489e-02 -1.715492074837520420e+00 3.405125226752617196e-02 -1.470074055240007047e-02 9.993121220152665352e-01 1.026091786782571802e+02
9.995508054626410788e-01 2.171624176451836252e-02 -2.067737645426687143e-02 -3.502276045064035337e+00 -2.138847619853140314e-02 9.996440974326059603e-01 1.594204801213026934e-02 -1.719126930501377881e+00 2.101628237583968301e-02 -1.549266358642461400e-02 9.996590971047532026e-01 1.030560669561260596e+02
9.997767834167358147e-01 2.046590087470117475e-02 -5.216382712381074579e-03 -3.497504994849116144e+00 -2.038756334269207354e-02 9.996845436382681971e-01 1.464184477232387087e-02 -1.736142066822307983e+00 5.514390431429899708e-03 -1.453228151740981917e-02 9.998796729449959120e-01 1.034938887371597929e+02
9.997308271326843521e-01 1.949378675646186443e-02 1.257761680891369450e-02 -3.482668542016556401e+00 -1.965425189363261688e-02 9.997250328631436256e-01 1.275708185385893492e-02 -1.743329950976171938e+00 -1.232542084157416985e-02 -1.300083982703341412e-02 9.998391400041720667e-01 1.039127046781466390e+02
9.992427587087789886e-01 1.947632666802716350e-02 3.369455388053575751e-02 -3.448865552454468908e+00 -1.975966368842214937e-02 9.997720886479237734e-01 8.097513494385146296e-03 -1.749479672128169794e+00 -3.352912160739034142e-02 -8.757167671366300823e-03 9.993991526432972616e-01 1.043185155405430038e+02
9.981517867107989606e-01 1.804483776729071814e-02 5.803700867950434966e-02 -3.410881868379898041e+00 -1.831072640774517035e-02 9.998239371290168487e-01 4.053745011077880891e-03 -1.752861813611618080e+00 -5.795368227345511908e-02 -5.108958397083231996e-03 9.983062761601839696e-01 1.047260820055421249e+02
9.962623674944099950e-01 1.600805085591210791e-02 8.487957215152180934e-02 -3.358505609356096766e+00 -1.618359360190516072e-02 9.998676955443209780e-01 1.380805371819968834e-03 -1.765225175673277525e+00 -8.484617537837581269e-02 -2.749305993200340179e-03 9.963899369612690959e-01 1.051122345329474967e+02
9.933066604825167012e-01 1.321703511795773410e-02 1.147514734151872523e-01 -3.287646268732956401e+00 -1.333094636948690438e-02 9.999107035169473301e-01 2.249025210501183849e-04 -1.777268087901981541e+00 -1.147383075409208059e-01 -1.753150764102994613e-03 9.933946360005359022e-01 1.055019537652007955e+02
9.890371433516482735e-01 1.104614404606990737e-02 1.472563072722503086e-01 -3.204471026632732755e+00 -1.094055745126005542e-02 9.999391533733045234e-01 -1.527359850049159586e-03 -1.784713368824019319e+00 -1.472648874989827550e-01 -1.004362326594279362e-04 9.890967032750472843e-01 1.058703252572616123e+02
9.830573032433178593e-01 8.577503108212754940e-03 1.830972684097710579e-01 -3.103346441026082925e+00 -8.279481609807374728e-03 9.999627896144525074e-01 -2.392041176440312580e-03 -1.790013057089272941e+00 -1.831116038207133978e-01 8.355615846519449854e-04 9.830919071422296041e-01 1.062491260782252311e+02
9.752075054382212116e-01 5.028294502303482655e-03 2.212356353597095537e-01 -2.991237168077914177e+00 -4.393928888549459774e-03 9.999843841684453727e-01 -3.359470215570059884e-03 -1.801706031892675197e+00 -2.212494353236436617e-01 2.304080384476623299e-03 9.752151103933330845e-01 1.065973300096348453e+02
9.653426262966867677e-01 3.270965908383878344e-03 2.609671685266692909e-01 -2.863156796575535790e+00 -2.294459232283876590e-03 9.999894964254547602e-01 -4.046498521476234525e-03 -1.820189449749742616e+00 -2.609771005480868156e-01 3.307485234997816978e-03 9.653388772778584981e-01 1.069608499453174772e+02
9.530739100660089447e-01 3.061934133968859106e-03 3.027228538878105057e-01 -2.728703125911814187e+00 -1.827380118182288585e-03 9.999889852382075617e-01 -4.361306643320176334e-03 -1.825623505879591546e+00 -3.027335026608212187e-01 3.603466441833262299e-03 9.530681046957835134e-01 1.072866977040062153e+02
9.380164766876324389e-01 3.930276464754457917e-03 3.465691806118655904e-01 -2.572558334246680456e+00 -2.503975515496659546e-03 9.999860318320340502e-01 -4.563189009648615721e-03 -1.831927395969770167e+00 -3.465823650787687171e-01 3.412536910165577322e-03 9.380134914803335278e-01 1.076156653319063992e+02
9.204936413893507474e-01 4.658221163106173249e-03 3.907306997687450822e-01 -2.400667126986977262e+00 -3.317620199736201828e-03 9.999861818941110370e-01 -4.105911631598395395e-03 -1.842570959983489409e+00 -3.907443466184213343e-01 2.483173459628998034e-03 9.204961767165379394e-01 1.079388301965918942e+02
9.002380487434759049e-01 3.435981028299649361e-03 4.353845176934817429e-01 -2.225808442141270937e+00 -2.500241053922748480e-03 9.999929385972943230e-01 -2.722048505120359951e-03 -1.841078724290664326e+00 -4.353913193893481082e-01 1.361931551475401622e-03 9.002400126592297047e-01 1.082322619878341783e+02
8.774857131228109841e-01 3.093220888759237903e-03 4.795923275425234555e-01 -2.009699989731983827e+00 -1.767584798806452404e-03 9.999936020791070357e-01 -3.215566289860150636e-03 -1.851187945863249418e+00 -4.795990074935199687e-01 1.973896278452334264e-03 8.774856847980818664e-01 1.085259653953537367e+02
